trade_date,underlying,contract_month,underlying_price,strike,distance_to_spot,strike_side,wall_tags,call_gex,put_gex,net_gex,total_abs_gex,gex_share,call_oi,put_oi,total_oi,oi_share,call_volume,put_volume,total_volume,volume_share,avg_iv,avg_delta,avg_gamma
2026-07-30,上证50ETF华夏,12月,3.026,2.7,-0.10773298083278249,below_spot,"put_wall,put_oi_wall",534445.3273562399,-6669239.3259072,-6134793.99855096,7203684.653263439,0.08206340765154667,1038.0,13088.0,14126.0,0.1354050841608834,344.0,10208.0,10552.0,0.1597142338197009,0.1184,0.3358,0.5594
2026-07-30,上证50ETF华夏,12月,3.026,2.85,-0.05816259087904818,below_spot,,751117.0045414398,-2793493.0753871994,-2042376.0708457595,3544610.0799286393,0.040379721761305665,1072.0,4170.0,5242.0,0.050247306468310264,61.0,1513.0,1574.0,0.023823938971968276,0.11925,0.22765000000000002,0.7484
2026-07-30,上证50ETF华夏,12月,3.026,2.9,-0.041639127561136746,below_spot,,2249482.5927146,-1569323.69220024,680158.9005143598,3818806.28491484,0.04350332808631268,2045.0,2214.0,4259.0,0.040824738315248646,213.0,1206.0,1419.0,0.021477871284131502,0.15785,0.2914,0.9877
2026-07-30,上证50ETF华夏,12月,3.026,2.95,-0.02511566424322531,below_spot,,2002863.8235378796,-1392163.1635217997,610700.6600160799,3395026.9870596793,0.03867569126597802,1373.0,1905.0,3278.0,0.03142134120624209,147.0,294.0,441.0,0.0066749409699097895,0.17275000000000001,0.20045000000000002,1.1956
2026-07-30,上证50ETF华夏,12月,3.026,3.0,-0.008592200925313875,below_spot,"call_wall,max_gamma",12712586.883180799,-2239831.63934412,10472755.243836679,14952418.52252492,0.17033594273655756,8404.0,3027.0,11431.0,0.10957210229669108,617.0,545.0,1162.0,0.017587939698492462,0.1827,0.12669999999999998,1.2300499999999999
2026-07-30,上证50ETF华夏,12月,3.026,3.1,0.024454725710508995,above_spot,"price_wall,gamma_flip",10258753.3786728,-2054444.56981376,8204308.808859039,12313197.94848656,0.14027029657427842,7191.0,2864.0,10055.0,0.09638242398681032,1787.0,575.0,2362.0,0.0357510443785191,0.1991,0.003799999999999998,1.1707
2026-07-30,上证50ETF华夏,12月,3.026,3.2,0.057501652346331866,above_spot,,11217289.239301441,-2075110.8212787197,9142178.418022722,13292400.06058016,0.1514252354653901,9224.0,3008.0,12232.0,0.1172501054407423,2003.0,196.0,2199.0,0.03328388932614881,0.21,-0.09625000000000003,1.04075
2026-07-30,上证50ETF华夏,12月,3.026,3.3,0.09054857898215474,above_spot,,6157038.3115577595,-1739156.95717672,4417881.35438104,7896195.268734479,0.0899523955342517,6248.0,2894.0,9142.0,0.08763084237567578,2180.0,78.0,2258.0,0.03417690863958346,0.23215,-0.1689,0.86625
2026-07-30,上证50ETF华夏,12月,3.026,3.4,0.12359550561797761,above_spot,,2970873.27272288,-1030158.1899327599,1940715.08279012,4001031.4626556397,0.0455792128265677,3836.0,1841.0,5677.0,0.054417008550285646,825.0,34.0,859.0,0.013001755766785736,0.24219999999999997,-0.22895000000000004,0.72845
2026-07-30,上证50ETF华夏,12月,3.026,3.5,0.15664243225380048,above_spot,call_oi_wall,6191865.4540234795,-588109.4921224,5603755.96190108,6779974.946145879,0.07723656359954424,10241.0,1180.0,11421.0,0.10947624707641578,39658.0,12.0,39670.0,0.6004419688805473,0.26034999999999997,-0.26944999999999997,0.6023000000000001
2026-07-30,上证50ETF华夏,3月,3.026,2.85,-0.05816259087904818,below_spot,"put_wall,put_oi_wall",114184.11598703999,-1078847.7157616399,-964663.5997745999,1193031.8317486797,0.177898845709756,188.0,2013.0,2201.0,0.24960308459968247,73.0,276.0,349.0,0.12202797202797203,0.1193,0.22374999999999998,0.6243000000000001
2026-07-30,上证50ETF华夏,3月,3.026,2.9,-0.041639127561136746,below_spot,,104608.06422623999,-172398.69089139998,-67790.62666515999,277006.75511763996,0.04130584002691907,162.0,305.0,467.0,0.052959854842367884,43.0,243.0,286.0,0.1,0.11835,0.19030000000000002,0.66125
2026-07-30,上证50ETF华夏,3月,3.026,2.95,-0.02511566424322531,below_spot,,263046.39532127994,-154073.8930464,108972.50227487995,417120.2883676799,0.06219885827687006,204.0,270.0,474.0,0.05375368564300295,3.0,142.0,145.0,0.050699300699300696,0.15925,0.2367,1.0156999999999998
2026-07-30,上证50ETF华夏,3月,3.026,3.0,-0.008592200925313875,below_spot,,571706.222736,-422538.65982392,149167.56291207997,994244.88255992,0.14825674575756131,440.0,719.0,1159.0,0.13143569970514857,57.0,50.0,107.0,0.03741258741258741,0.17254999999999998,0.15395,1.0304
2026-07-30,上证50ETF华夏,3月,3.026,3.1,0.024454725710508995,above_spot,"call_wall,price_wall,max_gamma",1084762.0127900399,-120522.36711423998,964239.6456757999,1205284.37990428,0.1797258834432669,843.0,208.0,1051.0,0.11918802449535042,323.0,20.0,343.0,0.11993006993006992,0.18575000000000003,0.04589999999999997,1.01905
2026-07-30,上证50ETF华夏,3月,3.026,3.2,0.057501652346331866,above_spot,gamma_flip,645257.77210656,-23443.10502872,621814.66707784,668700.8771352799,0.09971327755195021,582.0,43.0,625.0,0.0708777500567022,112.0,19.0,131.0,0.045804195804195806,0.20325,-0.04055000000000003,0.9031
2026-07-30,上证50ETF华夏,3月,3.026,3.3,0.09054857898215474,above_spot,,664817.1645766399,-18580.45223892,646236.7123377199,683397.6168155599,0.10190478070822923,692.0,39.0,731.0,0.0828986164663189,16.0,2.0,18.0,0.006293706293706294,0.22649999999999998,-0.1066,0.78475
2026-07-30,上证50ETF华夏,3月,3.026,3.4,0.12359550561797761,above_spot,,119803.11021443996,-14720.821738159999,105082.28847627997,134523.93195259996,0.020059525301707674,149.0,31.0,180.0,0.020412792016330235,79.0,20.0,99.0,0.03461538461538462,0.228,-0.16834999999999997,0.69835
2026-07-30,上证50ETF华夏,3月,3.026,3.5,0.15664243225380048,above_spot,call_oi_wall,665094.33715916,-17102.01533196,647992.3218271999,682196.35249112,0.10172565427503345,1007.0,39.0,1046.0,0.11862100249489681,314.0,4.0,318.0,0.11118881118881119,0.24175,-0.21125000000000002,0.6001000000000001
2026-07-30,上证50ETF华夏,8月,3.026,2.85,-0.05816259087904818,below_spot,,5178777.872024,-35640422.49542376,-30461644.623399757,40819200.367447756,0.03237607266156213,4793.0,31857.0,36650.0,0.04693134322242255,2636.0,28727.0,31363.0,0.04793652686007572,0.11505,0.32625,1.2008999999999999
2026-07-30,上证50ETF华夏,8月,3.026,2.9,-0.041639127561136746,below_spot,,26208699.90993744,-68207736.14865,-41999036.238712564,94416436.05858745,0.07488714543061717,19388.0,47295.0,66683.0,0.08538943410916243,25367.0,45587.0,70954.0,0.1084490746047831,0.1718,0.3502,1.52565
2026-07-30,上证50ETF华夏,8月,3.026,2.95,-0.02511566424322531,below_spot,,64707609.29229612,-60142157.94026471,4565451.35203141,124849767.23256083,0.09902558353210694,28473.0,34763.0,63236.0,0.08097545484346828,46610.0,57086.0,103696.0,0.15849332300106533,0.1846,0.22945,2.18565
2026-07-30,上证50ETF华夏,8月,3.026,3.0,-0.008592200925313875,below_spot,"put_wall,put_oi_wall,price_wall",214984219.91952038,-129952281.98875038,85031937.93077,344936501.9082708,0.27358912347320696,80323.0,67720.0,148043.0,0.18957317447959351,103931.0,86354.0,190285.0,0.29083958848227237,0.18845,0.10435000000000003,2.50935
2026-07-30,上证50ETF华夏,8月,3.026,3.1,0.024454725710508995,above_spot,"call_wall,call_oi_wall,max_gamma,gamma_flip",295059004.3183665,-78093372.37800719,216965631.94035935,373152376.6963737,0.2959687684472831,127759.0,44524.0,172283.0,0.22061316792329128,111149.0,41527.0,152676.0,0.2333564128077327,0.20639999999999997,-0.13394999999999999,2.21885
2026-07-30,上证50ETF华夏,8月,3.026,3.2,0.057501652346331866,above_spot,,163428273.21865174,-13004548.77937544,150423724.4392763,176432821.99802718,0.13993909271794353,114103.0,10003.0,124106.0,0.15892118095394198,48931.0,3154.0,52085.0,0.07960890225766169,0.22965,-0.29035,1.492
2026-07-30,上证50ETF华夏,8月,3.026,3.3,0.09054857898215474,above_spot,,39853824.7445474,-1701240.07752832,38152584.66701908,41555064.82207572,0.03295972939265025,51895.0,1904.0,53799.0,0.06889111416161285,7953.0,817.0,8770.0,0.013404436455787523,0.2813,-0.3547,0.90725
2026-07-30,上证50ETF华夏,8月,3.026,3.4,0.12359550561797761,above_spot,,12826102.928086879,-825018.88833576,12001084.039751118,13651121.81642264,0.010827495586924694,28604.0,1206.0,29810.0,0.03817253319128012,2729.0,244.0,2973.0,0.004544058105251574,0.32265,-0.3908,0.6184000000000001
2026-07-30,上证50ETF华夏,9月,3.026,2.65,-0.12425644415069392,below_spot,put_oi_wall,1050629.6788992,-13819919.46134352,-12769289.782444319,14870549.14024272,0.033282267165906675,2304.0,32732.0,35036.0,0.07029173195408848,39.0,4588.0,4627.0,0.03916804930078217,0.127,0.41735,0.47955000000000003
2026-07-30,上证50ETF华夏,9月,3.026,2.85,-0.05816259087904818,below_spot,,4683713.9430756,-16025724.526404599,-11342010.583329,20709438.469480198,0.046350478216831685,5305.0,16635.0,21940.0,0.04401759901451939,672.0,5413.0,6085.0,0.051510175058409234,0.1201,0.2612,1.00815
2026-07-30,上证50ETF华夏,9月,3.026,2.9,-0.041639127561136746,below_spot,,6920750.507070719,-18743614.407596678,-11822863.900525957,25664364.914667398,0.05744026274199448,5592.0,17111.0,22703.0,0.04554838424916288,1819.0,9314.0,11133.0,0.0942420343344733,0.16369999999999998,0.321,1.27395
2026-07-30,上证50ETF华夏,9月,3.026,2.95,-0.02511566424322531,below_spot,,18287702.685455836,-17913933.94707608,373768.73837975785,36201636.63253191,0.08102407859211949,9373.0,14891.0,24264.0,0.04868017422462618,3060.0,11030.0,14090.0,0.119273355229743,0.18095,0.2035,1.7223
2026-07-30,上证50ETF华夏,9月,3.026,3.0,-0.008592200925313875,below_spot,"put_wall,price_wall",48435878.76147271,-24531333.484343357,23904545.277129352,72967212.24581607,0.163310327642482,23659.0,19798.0,43457.0,0.08718654514010797,8837.0,12191.0,21028.0,0.17800426641384215,0.1935,0.10145000000000001,1.7944999999999998
2026-07-30,上证50ETF华夏,9月,3.026,3.1,0.024454725710508995,above_spot,"call_wall,max_gamma",56687424.481079996,-19913342.041091558,36774082.439988434,76600766.52217156,0.17144270547513493,30572.0,17341.0,47913.0,0.09612649141215439,12714.0,3929.0,16643.0,0.14088477296583482,0.21405000000000002,-0.07015000000000002,1.6395499999999998
2026-07-30,上证50ETF华夏,9月,3.026,3.2,0.057501652346331866,above_spot,gamma_flip,45482553.8920368,-11423887.474085517,34058666.417951286,56906441.36612232,0.12736418589161613,32580.0,11697.0,44277.0,0.0888316878562386,10471.0,1314.0,11785.0,0.09976128398740391,0.23520000000000002,-0.19725,1.2955999999999999
2026-07-30,上证50ETF华夏,9月,3.026,3.3,0.09054857898215474,above_spot,,28679771.406416,-4977696.71766344,23702074.688752558,33657468.124079436,0.07532989102615718,30160.0,6247.0,36407.0,0.07304233032459469,5929.0,298.0,6227.0,0.05271222022821928,0.2625,-0.27725,0.95435
2026-07-30,上证50ETF华夏,9月,3.026,3.4,0.12359550561797761,above_spot,,14921380.778855039,-1880452.3425980797,13040928.43625696,16801833.121453118,0.0376047376294844,23658.0,2788.0,26446.0,0.05305785886681767,1578.0,37.0,1615.0,0.013671147529881827,0.2783,-0.3365,0.7127
2026-07-30,上证50ETF华夏,9月,3.026,3.6,0.18968935888962335,above_spot,call_oi_wall,30360451.44992096,-1427812.8501926,28932638.59972836,31788264.30011356,0.07114636421285274,90691.0,3019.0,93710.0,0.18800771210804976,5860.0,49.0,5909.0,0.050020316256391154,0.35830000000000006,-0.37210000000000004,0.44104999999999994
2026-07-30,中证500ETF南方,12月,7.336,6.876,-0.06270447110141764,below_spot,put_oi_wall,3020691.7845977605,-5468278.832988161,-2447587.0483904,8488970.617585922,0.059053092110416476,1534.0,4864.0,6398.0,0.05270875897976669,113.0,688.0,801.0,0.007516257072882358,0.2646,0.24279999999999996,0.2874
2026-07-30,中证500ETF南方,12月,7.336,7.0,-0.04580152671755733,below_spot,,2508814.5309696007,-4426321.2988288,-1917506.7678591996,6935135.8297984,0.04824391948146466,1214.0,3898.0,5112.0,0.042114281948197455,305.0,1777.0,2082.0,0.01953663823438336,0.28054999999999997,0.19115,0.2975
2026-07-30,中证500ETF南方,12月,7.336,7.122,-0.02917121046892046,below_spot,put_wall,3601217.8707635207,-5707469.10359808,-2106251.232834559,9308686.9743616,0.06475540723220624,1594.0,4836.0,6430.0,0.05297238515784618,60.0,566.0,626.0,0.005874128498906812,0.27699999999999997,0.15314999999999998,0.31955
2026-07-30,中证500ETF南方,12月,7.336,7.25,-0.011723009814612939,below_spot,,4281987.074601601,-2537187.8748787204,1744799.1997228805,6819174.949480321,0.047437243518604996,1885.0,2141.0,4026.0,0.033167468529624995,782.0,749.0,1531.0,0.014366279124323209,0.28575,0.10815000000000002,0.32115
2026-07-30,中证500ETF南方,12月,7.336,7.367,0.004225736095964994,above_spot,,2592367.9528544005,-3774658.9631923204,-1182291.01033792,6367026.916046721,0.044291898733150765,1145.0,3134.0,4279.0,0.035251763000065904,432.0,419.0,851.0,0.0079854366654468,0.28874999999999995,0.06955,0.32225000000000004
2026-07-30,中证500ETF南方,12月,7.336,7.5,0.02235550708833145,above_spot,call_wall,6217985.86609536,-2468403.4237632,3749582.44233216,8686389.289858561,0.06042642505774474,2803.0,2034.0,4837.0,0.039848744480326895,913.0,456.0,1369.0,0.012846137244414416,0.2929,0.027650000000000008,0.31885
2026-07-30,中证500ETF南方,12月,7.336,7.613,0.03775899672846239,above_spot,"price_wall,max_gamma",6153717.728892161,-4340370.87239616,1813346.8564960007,10494088.60128832,0.07300159332663379,2843.0,3681.0,6524.0,0.053746787055954655,681.0,429.0,1110.0,0.010415786954930608,0.3016,-0.005049999999999999,0.31065
2026-07-30,中证500ETF南方,12月,7.336,7.75,0.05643402399127595,above_spot,,4052993.4912768,-971308.3275974402,3081685.16367936,5024301.81887424,0.034951299923911,1940.0,823.0,2763.0,0.022762472813550386,902.0,125.0,1027.0,0.009636948831273634,0.30355,-0.044300000000000034,0.30374999999999996
2026-07-30,中证500ETF南方,12月,7.336,8.0,0.09051254089422023,above_spot,gamma_flip,5451113.395840001,-740834.2414636802,4710279.1543763215,6191947.637303681,0.04307396864009336,2894.0,611.0,3505.0,0.028875304817768406,817.0,88.0,905.0,0.008492150625416396,0.30015000000000003,-0.11270000000000002,0.28764999999999996
2026-07-30,中证500ETF南方,12月,7.336,9.823,0.33901308615049075,above_spot,call_oi_wall,5548688.8099776,-2972166.165812481,2576522.644165119,8520854.975790082,0.05927489402571716,9459.0,4043.0,13502.0,0.11123377051341198,17470.0,0.0,17470.0,0.16393134964201597,0.348,-0.37185,0.12279999999999999
2026-07-30,中证500ETF南方,3月,7.336,6.5,-0.1139585605234461,below_spot,"put_wall,put_oi_wall,max_gamma",1529191.49294016,-2200594.9423673605,-671403.4494272005,3729786.4353075204,0.16752761360572777,2151.0,2761.0,4912.0,0.24390486121455882,753.0,1208.0,1961.0,0.3219504186504679,0.1834,0.23670000000000002,0.1401
2026-07-30,中证500ETF南方,3月,7.336,6.75,-0.07988004362050172,below_spot,"call_oi_wall,gamma_flip",1668017.0196928005,-905003.7590496002,763013.2606432003,2573020.778742401,0.11557016421641994,2206.0,1065.0,3271.0,0.16242117284870153,138.0,142.0,280.0,0.04596946314234116,0.1859,0.19594999999999999,0.1492
2026-07-30,中证500ETF南方,3月,7.336,7.0,-0.04580152671755733,below_spot,,892076.4024614402,-473318.52398208017,418757.87847936,1365394.9264435205,0.061328271101825566,427.0,534.0,961.0,0.04771835741595908,196.0,201.0,397.0,0.06517813166967658,0.2515,0.22235,0.27645
2026-07-30,中证500ETF南方,3月,7.336,7.25,-0.011723009814612939,below_spot,,761025.26450496,-485540.34106368007,275484.92344127997,1246565.6055686402,0.055990916564817965,359.0,508.0,867.0,0.043050796961120213,118.0,68.0,186.0,0.030536857658840913,0.2613,0.13140000000000002,0.28575
2026-07-30,中证500ETF南方,3月,7.336,7.5,0.02235550708833145,above_spot,price_wall,1518447.4878227198,-349479.3882585601,1168968.0995641598,1867926.87608128,0.08390006703268463,751.0,387.0,1138.0,0.05650727444262377,187.0,153.0,340.0,0.05582006238712855,0.2863,0.06039999999999998,0.27175
2026-07-30,中证500ETF南方,3月,7.336,7.75,0.05643402399127595,above_spot,,2045319.7431833602,-674179.32492288,1371140.4182604803,2719499.06810624,0.12214940372189849,1028.0,762.0,1790.0,0.08888226823576145,250.0,370.0,620.0,0.10178952552946971,0.29465,-0.002799999999999997,0.26705
2026-07-30,中证500ETF南方,3月,7.336,8.0,0.09051254089422023,above_spot,,1885910.3300486405,-471049.06547776016,1414861.2645708802,2356959.395526401,0.1058655206529488,1047.0,517.0,1564.0,0.07766026118476588,65.0,3.0,68.0,0.01116401247742571,0.29535,-0.06059999999999999,0.252
2026-07-30,中证500ETF南方,3月,7.336,8.25,0.12459105779716473,above_spot,,663549.4116249603,-366757.8408883201,296791.57073664013,1030307.2525132804,0.04627742587626001,408.0,366.0,774.0,0.038432891404737074,168.0,0.0,168.0,0.027581677885404696,0.2785,-0.12145000000000003,0.24420000000000003
2026-07-30,中证500ETF南方,3月,7.336,8.75,0.19274809160305328,above_spot,call_wall,2174256.95346496,-751609.4603808,1422647.4930841601,2925866.4138457603,0.13141862853075528,1717.0,987.0,2704.0,0.13426684542430112,1705.0,91.0,1796.0,0.29486127072730256,0.3398,-0.17919999999999997,0.1884
2026-07-30,中证500ETF南方,8月,7.336,6.75,-0.07988004362050172,below_spot,,1230181.5897504003,-78099183.87997825,-76869002.29022786,79329365.46972865,0.050721269141097126,643.0,44217.0,44860.0,0.05207317639411246,903.0,144490.0,145393.0,0.08996473633308603,0.4075,0.29669999999999996,0.34185
2026-07-30,中证500ETF南方,8月,7.336,7.0,-0.04580152671755733,below_spot,,11998616.34896064,-93070810.78184964,-81072194.432889,105069427.13081028,0.06717883926647963,4767.0,42596.0,47363.0,0.054978641407809815,13939.0,181472.0,195411.0,0.1209143431360841,0.3953,0.19775,0.43685
2026-07-30,中证500ETF南方,8月,7.336,7.122,-0.02917121046892046,below_spot,,3740215.0734144,-15239730.838026244,-11499515.764611844,18979945.911440644,0.012135316337869857,1395.0,6483.0,7878.0,0.009144727677949575,2538.0,25730.0,28268.0,0.01749137280793213,0.39575,0.13979999999999998,0.4675
2026-07-30,中证500ETF南方,8月,7.336,7.25,-0.011723009814612939,below_spot,,63191758.92052801,-97291058.0370221,-34099299.11649409,160482816.9575501,0.10260881456982576,21805.0,39567.0,61372.0,0.07124019129869527,86656.0,175882.0,262538.0,0.1624504752458216,0.38965,0.07780000000000001,0.4977
2026-07-30,中证500ETF南方,8月,7.336,7.367,0.004225736095964994,above_spot,,16556828.867492484,-20221185.258812163,-3664356.391319679,36778014.12630465,0.02351496878778389,5611.0,7922.0,13533.0,0.015709012397269816,8951.0,23154.0,32105.0,0.019865590915475483,0.38565000000000005,0.018450000000000022,0.5113
2026-07-30,中证500ETF南方,8月,7.336,7.5,0.02235550708833145,above_spot,"put_wall,put_oi_wall,price_wall,max_gamma",164293698.45893314,-127971062.45616001,36322636.002773136,292264760.9150932,0.18686698817085035,55841.0,50875.0,106716.0,0.12387519153085388,146752.0,140843.0,287595.0,0.17795497957751663,0.38670000000000004,-0.04845000000000002,0.50705
2026-07-30,中证500ETF南方,8月,7.336,7.613,0.03775899672846239,above_spot,,21361863.43065601,-17265149.0930688,4096714.3375872076,38627012.52372481,0.024697173445563388,7450.0,6944.0,14394.0,0.016708455216603985,15844.0,10153.0,25997.0,0.01608614754803352,0.38305,-0.10470000000000002,0.49740000000000006
2026-07-30,中证500ETF南方,8月,7.336,7.75,0.05643402399127595,above_spot,"call_wall,call_oi_wall",180867496.87007234,-77433235.31112961,103434261.55894272,258300732.18120193,0.16515121328311322,67936.0,33260.0,101196.0,0.11746761387379857,133101.0,56257.0,189358.0,0.11716893208449172,0.38825,-0.16560000000000002,0.46365
2026-07-30,中证500ETF南方,8月,7.336,8.25,0.12459105779716473,above_spot,gamma_flip,87842490.72474624,-12010914.047865601,75831576.67688064,99853404.77261184,0.06384384128295086,54372.0,7395.0,61767.0,0.07169870455495195,62845.0,3381.0,66226.0,0.040978620899183284,0.4121,-0.3286,0.30100000000000005
2026-07-30,中证500ETF南方,9月,7.336,6.385,-0.1296346782988005,below_spot,put_oi_wall,1284676.5786400002,-86458296.48019202,-85173619.90155202,87742973.05883202,0.13597508980384954,1469.0,77610.0,79079.0,0.16243157473117728,118.0,9149.0,9267.0,0.06636017959569486,0.32994999999999997,0.38915,0.18475
2026-07-30,中证500ETF南方,9月,7.336,6.631,-0.0961014176663032,below_spot,"put_wall,max_gamma",1122805.5806822402,-103195162.77705601,-102072357.19637378,104317968.35773824,0.16166132307925934,743.0,75197.0,75940.0,0.1559839373928047,53.0,3350.0,3403.0,0.024368586507407964,0.3699,0.29510000000000003,0.2679
2026-07-30,中证500ETF南方,9月,7.336,6.876,-0.06270447110141764,below_spot,,2868923.2943571205,-25553786.315294724,-22684863.020937603,28422709.609651845,0.04404660973876273,1573.0,15728.0,17301.0,0.03553697788823958,67.0,2588.0,2655.0,0.019012223678274508,0.3699,0.21555000000000002,0.3204
2026-07-30,中证500ETF南方,9月,7.336,7.0,-0.04580152671755733,below_spot,,5702504.494942081,-16283721.57451648,-10581217.079574399,21986226.069458563,0.03407200554097752,2599.0,9509.0,12108.0,0.024870338608797463,841.0,8822.0,9663.0,0.0691959010934714,0.34829999999999994,0.18100000000000002,0.36295
2026-07-30,中证500ETF南方,9月,7.336,7.122,-0.02917121046892046,below_spot,,3490119.8851680006,-17594147.9233856,-14104028.0382176,21084267.808553603,0.03267424283417201,1517.0,9865.0,11382.0,0.023379104232353214,559.0,3138.0,3697.0,0.026473894892120847,0.35134999999999994,0.1327,0.37944999999999995
2026-07-30,中证500ETF南方,9月,7.336,7.25,-0.011723009814612939,below_spot,,7521653.889164802,-16649505.329587204,-9127851.440422403,24171159.218752004,0.03745799157305987,3145.0,9046.0,12191.0,0.025040824081586543,3624.0,11232.0,14856.0,0.10638252164385915,0.35159999999999997,0.08200000000000002,0.3932
2026-07-30,中证500ETF南方,9月,7.336,7.367,0.004225736095964994,above_spot,,10498804.575884802,-24034625.7536,-13535821.177715199,34533430.329484805,0.0535163800198359,4297.0,12760.0,17057.0,0.0350357916790765,1536.0,2315.0,3851.0,0.0275766754745895,0.34985,0.03525000000000003,0.402
2026-07-30,中证500ETF南方,9月,7.336,7.5,0.02235550708833145,above_spot,"call_wall,price_wall",20933232.304436482,-17245823.983884163,3687408.3205523193,38179056.288320646,0.05916599844354226,8617.0,9227.0,17844.0,0.036652322607811524,6911.0,7730.0,14641.0,0.10484292537612695,0.3533,-0.016999999999999987,0.39935
2026-07-30,中证500ETF南方,9月,7.336,7.613,0.03775899672846239,above_spot,,12534931.316893442,-15421614.725099523,-2886683.408206081,27956546.041992962,0.0433241970968615,5278.0,8352.0,13630.0,0.02799659029054422,2257.0,978.0,3235.0,0.023165553144714888,0.3556,-0.059850000000000014,0.3922
2026-07-30,中证500ETF南方,9月,7.336,7.75,0.05643402399127595,above_spot,,17433314.515182722,-9885929.153533442,7547385.36164928,27319243.668716162,0.04233657102929692,7689.0,5438.0,13127.0,0.026963407244605574,5731.0,1342.0,7073.0,0.050649136751953136,0.35619999999999996,-0.10999999999999999,0.37955
2026-07-30,中证500ETF南方,9月,7.336,9.823,0.33901308615049075,above_spot,call_oi_wall,7972865.508608,-583426.8168601601,7389438.6917478405,8556292.32546816,0.013259667148085222,20720.0,832.0,21552.0,0.04426870975361768,2340.0,100.0,2440.0,0.017472627410542296,0.5170999999999999,-0.40265,0.10089999999999999
2026-07-30,中证500ETF嘉实,12月,2.971,2.8,-0.057556378323796786,below_spot,,2330534.41130574,-1655578.1862738002,674956.2250319398,3986112.59757954,0.11261573310504117,2781.0,3555.0,6336.0,0.10014699606429893,89.0,797.0,886.0,0.07504658648145011,0.26125,0.23285,0.7384999999999999
2026-07-30,中证500ETF嘉实,12月,2.971,2.85,-0.04072702793672167,below_spot,gamma_flip,451637.50080558006,-1353056.7473649,-901419.24655932,1804694.2481704801,0.05098625811814245,547.0,2823.0,3370.0,0.05326631577283576,2.0,74.0,76.0,0.0064374047094697615,0.2792,0.17634999999999998,0.7392000000000001
2026-07-30,中证500ETF嘉实,12月,2.971,2.9,-0.023897677549646668,below_spot,"put_wall,put_oi_wall,price_wall",2749957.1201240798,-1989416.72744024,760540.3926838397,4739373.84756432,0.133896885056987,3046.0,3752.0,6798.0,0.10744938119398739,170.0,230.0,400.0,0.0338810774182619,0.26315,0.13965,0.81175
2026-07-30,中证500ETF嘉实,12月,2.971,2.95,-0.007068327162571442,below_spot,,2972600.2379403007,-1452577.5260032897,1520022.711937011,4425177.76394359,0.1250202109968596,3190.0,2971.0,6161.0,0.09738094109093208,80.0,18.0,98.0,0.008300863967474165,0.2829,0.09709999999999999,0.8048
2026-07-30,中证500ETF嘉实,12月,2.971,3.0,0.009761023224503562,above_spot,"call_wall,call_oi_wall,max_gamma",3519094.14979464,-1365243.4371231399,2153850.7126715,4884337.58691778,0.13799240353051206,3992.0,2803.0,6795.0,0.10740196310872967,201.0,0.0,201.0,0.017025241402676604,0.2945,0.05664999999999998,0.77525
2026-07-30,中证500ETF嘉实,12月,2.971,3.1,0.04341972399865357,above_spot,,2017139.3635057602,-558553.40683377,1458585.9566719902,2575692.77033953,0.07276852383981172,2353.0,1187.0,3540.0,0.05595334060410641,147.0,70.0,217.0,0.01838048449940708,0.3067,-0.015850000000000003,0.75215
2026-07-30,中证500ETF嘉实,12月,2.971,3.2,0.0770784247728038,above_spot,,1643896.03874712,-711595.91241248,932300.12633464,2355491.9511596,0.06654740587707872,2073.0,1528.0,3601.0,0.056917508337679994,152.0,167.0,319.0,0.027020159241063865,0.3113,-0.08259999999999998,0.713
2026-07-30,中证500ETF嘉实,12月,2.971,3.3,0.11073712554695381,above_spot,,1354763.32880384,-464078.93319507997,890684.3956087602,1818842.26199892,0.05138596808876333,1934.0,1049.0,2983.0,0.04714938277459023,226.0,152.0,378.0,0.0320176181602575,0.32389999999999997,-0.13719999999999996,0.6474
2026-07-30,中证500ETF嘉实,3月,2.971,2.8,-0.057556378323796786,below_spot,,759319.19923149,-366829.3890144,392489.81021709,1126148.58824589,0.1357966497104847,981.0,962.0,1943.0,0.13484627663266013,783.0,828.0,1611.0,0.30011177347242923,0.2306,0.25944999999999996,0.65445
2026-07-30,中证500ETF嘉实,3月,2.971,2.85,-0.04072702793672167,below_spot,,437139.14965785,-241150.70841456,195988.44124328997,678289.85807241,0.08179159590503496,501.0,658.0,1159.0,0.08043583871191616,194.0,168.0,362.0,0.06743666169895678,0.24995,0.20984999999999998,0.7018500000000001
2026-07-30,中证500ETF嘉实,3月,2.971,2.9,-0.023897677549646668,below_spot,,109391.040513,-89124.70184541,20266.338667589996,198515.74235841,0.023938024705116186,150.0,231.0,381.0,0.02644180720383094,20.0,93.0,113.0,0.021050670640834577,0.2717,0.14884999999999998,0.63165
2026-07-30,中证500ETF嘉实,3月,2.971,2.95,-0.007068327162571442,below_spot,,175187.72562156,-87245.90873856001,87941.81688299999,262433.63436012005,0.031645564971990454,207.0,234.0,441.0,0.030605871330418487,17.0,30.0,47.0,0.00875558867362146,0.27144999999999997,0.12050000000000002,0.6906
2026-07-30,中证500ETF嘉实,3月,2.971,3.0,0.009761023224503562,above_spot,,1050687.5714632499,-282538.70664264,768148.8648206098,1333226.27810589,0.1607671170238396,1225.0,756.0,1981.0,0.1374835172461656,25.0,61.0,86.0,0.01602086438152012,0.2754,0.08535000000000001,0.69755
2026-07-30,中证500ETF嘉实,3月,2.971,3.1,0.04341972399865357,above_spot,"call_wall,put_wall,call_oi_wall,put_oi_wall,price_wall,max_gamma",1263611.7194596,-429916.5870096,833695.13245,1693528.3064692002,0.20421414421573125,1505.0,1168.0,2673.0,0.18550905683947533,132.0,143.0,275.0,0.05122950819672131,0.2854,0.019100000000000006,0.6841
2026-07-30,中证500ETF嘉实,3月,2.971,3.2,0.0770784247728038,above_spot,,594300.6123208,-242076.64403545996,352223.96828534,836377.2563562599,0.10085456794306094,770.0,674.0,1444.0,0.10021514331320702,124.0,120.0,244.0,0.045454545454545456,0.29695,-0.0388,0.6406499999999999
2026-07-30,中证500ETF嘉实,3月,2.971,3.3,0.11073712554695381,above_spot,,491224.2938591999,-225771.08546138997,265453.20839780994,716995.3793205898,0.08645890194764853,704.0,651.0,1355.0,0.09403844819210216,125.0,120.0,245.0,0.0456408345752608,0.30825,-0.08889999999999998,0.5917
2026-07-30,中证500ETF嘉实,8月,2.971,2.8,-0.057556378323796786,below_spot,,856282.1358849,-6650513.4428692795,-5794231.30698438,7506795.578754179,0.05572168724448176,955.0,7941.0,8896.0,0.04798972881703376,1005.0,28437.0,29442.0,0.1353468487105227,0.41035,0.22904999999999998,0.9823
2026-07-30,中证500ETF嘉实,8月,2.971,2.85,-0.04072702793672167,below_spot,,912366.2947675198,-4184685.97920968,-3272319.68444216,5097052.2739772,0.03783456598753781,901.0,4522.0,5423.0,0.02925453005561759,972.0,9403.0,10375.0,0.0476945708637889,0.3972,0.17920000000000003,1.0977999999999999
2026-07-30,中证500ETF嘉实,8月,2.971,2.9,-0.023897677549646668,below_spot,,2926077.93110775,-4310252.382392,-1384174.4512842502,7236330.313499751,0.0537140688455398,2705.0,4475.0,7180.0,0.038732717278136514,3793.0,11310.0,15103.0,0.06942950397646301,0.40090000000000003,0.11995000000000003,1.15835
2026-07-30,中证500ETF嘉实,8月,2.971,2.95,-0.007068327162571442,below_spot,,4743630.23856293,-5060351.59312535,-316721.35456241947,9803981.831688281,0.07277331634313378,4147.0,4877.0,9024.0,0.048680228512242886,4815.0,13310.0,18125.0,0.08332184066565532,0.38875,0.060450000000000004,1.2357
2026-07-30,中证500ETF嘉实,8月,2.971,3.0,0.009761023224503562,above_spot,"put_wall,put_oi_wall,price_wall,max_gamma",15291278.6323374,-8879467.5087261,6411811.123611301,24170746.1410635,0.1794154033912862,12930.0,8515.0,21445.0,0.11568567159187153,16379.0,15523.0,31902.0,0.14665563370569576,0.3861,-0.0021000000000000185,1.2606000000000002
2026-07-30,中证500ETF嘉实,8月,2.971,3.1,0.04341972399865357,above_spot,gamma_flip,13426037.90408516,-6339170.28252816,7086867.621556999,19765208.18661332,0.1467138324658252,12007.0,6477.0,18484.0,0.09971247161129183,17238.0,10475.0,27713.0,0.12739851974440308,0.391,-0.12109999999999999,1.1878
2026-07-30,中证500ETF嘉实,8月,2.971,3.2,0.0770784247728038,above_spot,call_wall,16153474.57515548,-4807382.89210112,11346091.68305436,20960857.4672566,0.15558893697228773,16901.0,5386.0,22287.0,0.12022786489941902,20538.0,4139.0,24677.0,0.11344182411621385,0.3837,-0.23074999999999998,1.0470000000000002
2026-07-30,中证500ETF嘉实,8月,2.971,3.3,0.11073712554695381,above_spot,call_oi_wall,14499165.42381225,-2331039.0418057097,12168126.38200654,16830204.46561796,0.12492779104682665,19497.0,3151.0,22648.0,0.12217528982106347,13403.0,1425.0,14828.0,0.06816531053188066,0.38034999999999997,-0.31915000000000004,0.8403
2026-07-30,中证500ETF嘉实,9月,2.971,2.8,-0.057556378323796786,below_spot,"put_wall,put_oi_wall,max_gamma",1590873.73447058,-9454897.041136181,-7864023.306665601,11045770.77560676,0.14915302205975975,1981.0,14083.0,16064.0,0.11236080801298193,854.0,5771.0,6625.0,0.1541020213533065,0.35609999999999997,0.20879999999999999,0.8352
2026-07-30,中证500ETF嘉实,9月,2.971,2.85,-0.04072702793672167,below_spot,,816057.1622269801,-4315225.777685041,-3499168.6154580605,5131282.939912021,0.0692886330052893,918.0,5997.0,6915.0,0.048367466845727715,257.0,2066.0,2323.0,0.05403456537414808,0.34729999999999994,0.16615000000000002,0.9111500000000001
2026-07-30,中证500ETF嘉实,9月,2.971,2.9,-0.023897677549646668,below_spot,,1847652.0118020005,-2640278.3245944805,-792626.31279248,4487930.336396481,0.06060132751853515,2005.0,3572.0,5577.0,0.03900872922612053,1026.0,2507.0,3533.0,0.08217999116094066,0.3531,0.11675000000000002,0.9407000000000001
2026-07-30,中证500ETF嘉实,9月,2.971,2.95,-0.007068327162571442,below_spot,,2557224.10611,-2319367.6630250504,237856.44308494963,4876591.7691350505,0.06584949248852108,2664.0,3043.0,5707.0,0.03991802361367579,1007.0,2037.0,3044.0,0.07080551743388151,0.35095,0.06824999999999998,0.9755
2026-07-30,中证500ETF嘉实,9月,2.971,3.0,0.009761023224503562,above_spot,,2704456.16706364,-2204762.51926494,499693.6477986998,4909218.686328581,0.06629005959775852,2794.0,2874.0,5668.0,0.03964523529740921,1204.0,2044.0,3248.0,0.07555069665743992,0.3531,0.019350000000000006,0.98285
2026-07-30,中证500ETF嘉实,9月,2.971,3.1,0.04341972399865357,above_spot,"call_wall,price_wall",5532685.1232183995,-1959205.45182318,3573479.6713952194,7491890.575041579,0.10116434089653652,6020.0,2607.0,8627.0,0.060342174472609256,3878.0,945.0,4823.0,0.11218627154520713,0.35975,-0.07335,0.9462999999999999
2026-07-30,中证500ETF嘉实,9月,2.971,3.2,0.0770784247728038,above_spot,,3577433.39001594,-2587443.6789575997,989989.7110583405,6164877.068973539,0.08324543973834252,4251.0,3690.0,7941.0,0.055543897935202285,2732.0,1037.0,3769.0,0.08766951222348864,0.36434999999999995,-0.15775,0.8739
2026-07-30,中证500ETF嘉实,9月,2.971,3.3,0.11073712554695381,above_spot,,4812552.596337999,-2502546.8574143695,2310005.7389236297,7315099.453752369,0.09877709870680614,6649.0,3987.0,10636.0,0.07439427004644396,2681.0,372.0,3053.0,0.07101486357609732,0.375,-0.2268,0.76555
2026-07-30,中证500ETF嘉实,9月,2.971,3.6,0.21171322786940427,above_spot,gamma_flip,2585043.30781606,-753990.8766618399,1831052.43115422,3339034.1844778997,0.04508757691002933,6734.0,1819.0,8553.0,0.05982457612892395,2852.0,13.0,2865.0,0.06664185527203369,0.381,-0.3784,0.45225000000000004
2026-07-30,中证500ETF嘉实,9月,2.971,3.9,0.3126893301918545,above_spot,call_oi_wall,2757552.0871941196,-390471.64129084995,2367080.4459032696,3148023.7284849696,0.042508328495851254,13708.0,1303.0,15011.0,0.10499552347378434,1552.0,8.0,1560.0,0.03628666465074085,0.48829999999999996,-0.4012,0.2837
2026-07-30,创业板ETF易方达,12月,3.27,3.0,-0.0825688073394496,below_spot,,250297.585407,-1825335.023157,-1575037.43775,2075632.608564,0.042702861971551806,537.0,4759.0,5296.0,0.04227330779054917,408.0,9447.0,9855.0,0.0680255673974267,0.42585000000000006,0.20045000000000002,0.3973
2026-07-30,创业板ETF易方达,12月,3.27,3.1,-0.051987767584097844,below_spot,,834253.856118,-2742189.6070530005,-1907935.7509350004,3576443.4631710006,0.07357967442152992,1637.0,6779.0,8416.0,0.06717752234993614,772.0,6736.0,7508.0,0.051825059362747804,0.42005,0.15744999999999998,0.42745
2026-07-30,创业板ETF易方达,12月,3.27,3.2,-0.021406727828746086,below_spot,"put_wall,put_oi_wall,price_wall,max_gamma",1876396.828527,-4332316.972212,-2455920.143685,6208713.800739,0.12773447832718962,3523.0,10453.0,13976.0,0.11155810983397191,1854.0,6004.0,7858.0,0.05424098514550776,0.42345,0.11205000000000001,0.44284999999999997
2026-07-30,创业板ETF易方达,12月,3.27,3.3,0.00917431192660545,above_spot,,1415920.776939,-2183344.5427019997,-767423.7657629997,3599265.3196409997,0.0740491980659128,2601.0,5078.0,7679.0,0.06129469987228608,2028.0,3916.0,5944.0,0.04102932243635761,0.42169999999999996,0.06665000000000001,0.4556
2026-07-30,创业板ETF易方达,12月,3.27,3.4,0.039755351681957096,above_spot,,1290534.4414620001,-1699704.88956,-409170.4480979999,2990239.331022,0.06151945044979795,2373.0,3964.0,6337.0,0.050582694763729244,1970.0,2444.0,4414.0,0.030468275443149815,0.4278,0.023049999999999987,0.45480000000000004
2026-07-30,创业板ETF易方达,12月,3.27,3.5,0.07033639143730896,above_spot,,2471207.462028,-1285594.6424490002,1185612.819579,3756802.1044770004,0.07729026854752755,4612.0,2993.0,7605.0,0.060704022988505746,1381.0,1492.0,2873.0,0.01983129935391242,0.4304,-0.019199999999999995,0.4514
2026-07-30,创业板ETF易方达,12月,3.27,3.6,0.10091743119266061,above_spot,,1439921.418705,-1071263.267766,368658.1509390001,2511184.6864710003,0.05166365791759012,2751.0,2521.0,5272.0,0.04208173690932312,1163.0,944.0,2107.0,0.014543873212214922,0.43320000000000003,-0.05945000000000003,0.44345
2026-07-30,创业板ETF易方达,12月,3.27,4.0,0.2232415902140672,above_spot,gamma_flip,1659039.6839310003,-329311.3798800001,1329728.3040510002,1988351.0638110004,0.04090718206997724,3787.0,952.0,4739.0,0.03782726692209451,2644.0,25.0,2669.0,0.018423159754818046,0.47345000000000004,-0.18330000000000002,0.36660000000000004
2026-07-30,创业板ETF易方达,12月,3.27,4.8,0.4678899082568806,above_spot,"call_wall,call_oi_wall",3143654.85834,-328139.4380399999,2815515.4203,3471794.2963799997,0.07142668313276532,14060.0,1284.0,15344.0,0.12247765006385695,84535.0,26.0,84561.0,0.5836945717598984,0.4898,-0.3479,0.22405
2026-07-30,创业板ETF易方达,3月,3.27,3.0,-0.0825688073394496,below_spot,"put_wall,put_oi_wall",262136.978145,-676896.4981440001,-414759.51999900007,939033.4762890001,0.15904918307423077,623.0,2208.0,2831.0,0.18305851923698674,959.0,1818.0,2777.0,0.24950584007187782,0.39625,0.2027,0.3401
2026-07-30,创业板ETF易方达,3月,3.27,3.1,-0.051987767584097844,below_spot,,258990.59232000005,-646514.975232,-387524.38291199994,905505.567552,0.1533703796774858,580.0,1928.0,2508.0,0.16217264791464597,772.0,887.0,1659.0,0.1490566037735849,0.38530000000000003,0.16544999999999999,0.36560000000000004
2026-07-30,创业板ETF易方达,3月,3.27,3.2,-0.021406727828746086,below_spot,price_wall,415518.074325,-419007.70224,-3489.627915000019,834525.776565,0.14134814824876557,925.0,1289.0,2214.0,0.1431619786614937,683.0,292.0,975.0,0.0876010781671159,0.4065,0.12685000000000002,0.36205
2026-07-30,创业板ETF易方达,3月,3.27,3.3,0.00917431192660545,above_spot,,291228.61652999994,-93622.75524,197605.86128999994,384851.37176999997,0.06518436012197854,629.0,280.0,909.0,0.05877788554801164,444.0,261.0,705.0,0.06334231805929919,0.40514999999999995,0.08975,0.37285
2026-07-30,创业板ETF易方达,3月,3.27,3.4,0.039755351681957096,above_spot,,217403.551782,-125916.59638799999,91486.955394,343320.14817,0.058149991963180034,466.0,363.0,829.0,0.05360491432266408,505.0,158.0,663.0,0.059568733153638816,0.4021,0.05249999999999999,0.38035
2026-07-30,创业板ETF易方达,3月,3.27,3.5,0.07033639143730896,above_spot,,165730.540248,-103863.024783,61867.515465000004,269593.565031,0.045662521478684305,364.0,301.0,665.0,0.04300032331070158,307.0,53.0,360.0,0.03234501347708895,0.41064999999999996,0.01874999999999999,0.37424999999999997
2026-07-30,创业板ETF易方达,3月,3.27,3.6,0.10091743119266061,above_spot,,348259.19868000003,-113150.556936,235108.64174400002,461409.75561600004,0.07815146802138019,747.0,324.0,1071.0,0.06925315227934045,679.0,304.0,983.0,0.08831985624438454,0.40364999999999995,-0.018450000000000022,0.3813
2026-07-30,创业板ETF易方达,3月,3.27,3.9,0.19266055045871555,above_spot,gamma_flip,203371.793757,-91879.17096600002,111492.62279099999,295250.964723,0.05000825415367757,473.0,282.0,755.0,0.04881991593921759,401.0,224.0,625.0,0.05615453728661276,0.419,-0.10855000000000001,0.35340000000000005
2026-07-30,创业板ETF易方达,3月,3.27,4.0,0.2232415902140672,above_spot,"call_wall,call_oi_wall,max_gamma",861218.8905510001,-187794.05625,673424.8343010001,1049012.946801,0.1776770013379607,2071.0,562.0,2633.0,0.17025541545425155,1516.0,365.0,1881.0,0.16900269541778976,0.4068,-0.14409999999999998,0.3507
2026-07-30,创业板ETF易方达,8月,3.27,3.0,-0.0825688073394496,below_spot,,3490205.7593159997,-31301003.24442,-27810797.485104,34791209.003736,0.04736197646221153,4997.0,46620.0,51617.0,0.04036479003537012,9967.0,307604.0,317571.0,0.14227269122886715,0.5522499999999999,0.2463,0.64055
2026-07-30,创业板ETF易方达,8月,3.27,3.1,-0.051987767584097844,below_spot,,8113899.76551,-35995562.520642,-27881662.755131997,44109462.286152,0.06004710311542213,10131.0,47022.0,57153.0,0.04469397378560375,14279.0,198439.0,212718.0,0.09529825561157083,0.54295,0.17484999999999998,0.73245
2026-07-30,创业板ETF易方达,8月,3.27,3.2,-0.021406727828746086,below_spot,,15240148.967088,-30960154.225440003,-15720005.258352002,46200303.192528,0.06289340712812187,17232.0,37235.0,54467.0,0.042593506380775796,66457.0,167194.0,233651.0,0.10467629783045693,0.5334,0.09635000000000002,0.8023499999999999
2026-07-30,创业板ETF易方达,8月,3.27,3.3,0.00917431192660545,above_spot,,32473710.69606,-44122912.564275,-11649201.868214995,76596623.260335,0.10427253239608053,35470.0,51419.0,86889.0,0.06794769632840487,114467.0,165262.0,279729.0,0.12531936998264886,0.53135,0.01394999999999999,0.82935
2026-07-30,创业板ETF易方达,8月,3.27,3.4,0.039755351681957096,above_spot,"put_wall,put_oi_wall,price_wall,max_gamma",48033196.49204999,-46967425.52544,1065770.966609992,95000622.01749,0.1293262681214859,53035.0,54768.0,107803.0,0.08430256427500639,136230.0,127674.0,263904.0,0.11822972597013882,0.5269,-0.06780000000000003,0.8245
2026-07-30,创业板ETF易方达,8月,3.27,3.5,0.07033639143730896,above_spot,,54686912.328,-40267401.519743994,14419510.808256008,94954313.84774399,0.12926322787343694,63929.0,50184.0,114113.0,0.08923702046430808,135767.0,86950.0,222717.0,0.09977783542080229,0.53225,-0.1423,0.7752
2026-07-30,创业板ETF易方达,8月,3.27,3.6,0.10091743119266061,above_spot,call_wall,58715065.48255201,-34291608.058764,24423457.423788004,93006673.541316,0.12661186573365069,76222.0,46263.0,122485.0,0.09578397247965417,115514.0,44964.0,160478.0,0.07189459032161671,0.53555,-0.2092,0.7068000000000001
2026-07-30,创业板ETF易方达,8月,3.27,3.8,0.1620795107033639,above_spot,"call_oi_wall,gamma_flip",44768040.777306005,-12103806.7692,32664234.008106004,56871847.546506,0.07742079628709816,77374.0,20962.0,98336.0,0.0768993159795834,85645.0,6496.0,92141.0,0.04127942426266582,0.5186999999999999,-0.32895,0.5405500000000001
2026-07-30,创业板ETF易方达,9月,3.27,2.85,-0.12844036697247707,below_spot,"put_wall,put_oi_wall,max_gamma",696250.8610019998,-49987082.52136801,-49290831.66036601,50683333.38237001,0.1725917959175981,1422.0,108868.0,110290.0,0.17757691001041728,699.0,46623.0,47322.0,0.11855426033234877,0.48824999999999996,0.30335,0.44365
2026-07-30,创业板ETF易方达,9月,3.27,2.95,-0.09785932721712531,below_spot,,1131546.630096,-9309503.068488,-8177956.438392,10441049.698584,0.03555487373232521,1951.0,17892.0,19843.0,0.031949030966875604,1294.0,13658.0,14952.0,0.0374587570366696,0.48234999999999995,0.25155,0.5145
2026-07-30,创业板ETF易方达,9月,3.27,3.0,-0.0825688073394496,below_spot,,2329786.1606400004,-9761982.541739998,-7432196.381099998,12091768.702379998,0.041176061969315975,3840.0,17810.0,21650.0,0.03485846497167045,1619.0,21990.0,23609.0,0.05914685626529779,0.4875999999999999,0.22065,0.54
2026-07-30,创业板ETF易方达,9月,3.27,3.1,-0.051987767584097844,below_spot,,1503187.56549,-6710146.760268001,-5206959.194778001,8213334.325758001,0.027968841572825958,2210.0,11178.0,13388.0,0.021555895105807115,2101.0,19971.0,22072.0,0.055296260387464644,0.479,0.16155,0.59875
2026-07-30,创业板ETF易方达,9月,3.27,3.2,-0.021406727828746086,below_spot,,3722489.336880001,-10031443.194024,-6308953.857144,13753932.530904,0.046836223231992845,5112.0,16186.0,21298.0,0.034291713023863156,6415.0,27786.0,34201.0,0.08568264776692996,0.48255000000000003,0.09734999999999996,0.6303000000000001
2026-07-30,创业板ETF易方达,9月,3.27,3.3,0.00917431192660545,above_spot,,5076188.021790001,-8235956.01114,-3159767.9893499995,13312144.032930002,0.04533180224796196,6810.0,12606.0,19416.0,0.03126152221200709,13047.0,21167.0,34214.0,0.08571521624214912,0.47665,0.03244999999999998,0.65405
2026-07-30,创业板ETF易方达,9月,3.27,3.4,0.039755351681957096,above_spot,price_wall,9254194.684812,-9614262.908393998,-360068.2235819977,18868457.593205996,0.06425269935657464,12236.0,14694.0,26930.0,0.04335974418877992,17721.0,17674.0,35395.0,0.08867393695244251,0.47305,-0.03244999999999998,0.6596
2026-07-30,创业板ETF易方达,9月,3.27,3.5,0.07033639143730896,above_spot,,7452981.881694,-5586357.829122001,1866624.052571999,13039339.710816002,0.044402822547031,10211.0,8687.0,18898.0,0.030427495197904306,11556.0,6199.0,17755.0,0.044481021347382875,0.47350000000000003,-0.09405000000000002,0.642
2026-07-30,创业板ETF易方达,9月,3.27,3.6,0.10091743119266061,above_spot,,8675575.34742,-8604732.211695,70843.13572499901,17280307.559115,0.05884457703552571,12620.0,14195.0,26815.0,0.04317458375128606,10596.0,11316.0,21912.0,0.054895417615536665,0.48045,-0.1491,0.6049
2026-07-30,创业板ETF易方达,9月,3.27,3.9,0.19266055045871555,above_spot,call_wall,10169345.67588,-6115839.227712,4053506.448168,16285184.903592,0.05545588898339482,20115.0,12587.0,32702.0,0.05265318806021095,12231.0,1905.0,14136.0,0.03541445889983691,0.49460000000000004,-0.28245,0.4636
2026-07-30,创业板ETF易方达,9月,3.27,4.8,0.4678899082568806,above_spot,call_oi_wall,3976128.774324,-93113.024697,3883015.7496269997,4069241.799021,0.013856976312459562,27382.0,473.0,27855.0,0.044849078142534894,14721.0,130.0,14851.0,0.03720572503689006,0.26505,-0.43835,0.15995
2026-07-30,沪深300ETF华泰柏瑞,12月,4.605,4.3,-0.0662323561346364,below_spot,"put_wall,put_oi_wall",1487981.8174770004,-6209883.083634751,-4721901.26615775,7697864.901111752,0.06202295994660448,1594.0,6669.0,8263.0,0.07032160880998783,230.0,1802.0,2032.0,0.011861606804079178,0.129,0.22974999999999998,0.43965
2026-07-30,沪深300ETF华泰柏瑞,12月,4.605,4.4,-0.0445168295331162,below_spot,,4466851.101976502,-5557522.348620001,-1090671.2466434995,10024373.450596504,0.08076802087373063,2666.0,5515.0,8181.0,0.06962375428712458,928.0,1402.0,2330.0,0.013601153471212837,0.17375000000000002,0.2769,0.63265
2026-07-30,沪深300ETF华泰柏瑞,12月,4.605,4.5,-0.022801302931596212,below_spot,,4087491.007185001,-6170079.586770001,-2082588.579585,10257570.593955003,0.08264692850175327,1990.0,5944.0,7934.0,0.06752168029752433,1006.0,1576.0,2582.0,0.015072179511876201,0.1915,0.17470000000000002,0.72905
2026-07-30,沪深300ETF华泰柏瑞,12月,4.605,4.6,-0.0010857763300762269,below_spot,price_wall,6610935.457579501,-3694098.037410001,2916837.4201695,10305033.494989501,0.08302934487923312,3314.0,3498.0,6812.0,0.05797298792371259,1990.0,1588.0,3578.0,0.020886234815450443,0.20454999999999998,0.09055000000000002,0.7193499999999999
2026-07-30,沪深300ETF华泰柏瑞,12月,4.605,4.7,0.02062975027144409,above_spot,,6542506.371687751,-3145583.418880501,3396922.9528072504,9688089.790568251,0.07805852827486498,3279.0,2987.0,6266.0,0.05332629805196463,2008.0,955.0,2963.0,0.017296230787641045,0.20955000000000001,0.018899999999999972,0.71875
2026-07-30,沪深300ETF华泰柏瑞,12月,4.605,4.8,0.042345276872963966,above_spot,gamma_flip,7331412.489617251,-2398776.3500220003,4932636.139595251,9730188.83963925,0.07839772721741119,3957.0,2392.0,6349.0,0.05403266299583841,1206.0,265.0,1471.0,0.008586822642126216,0.22095000000000004,-0.04509999999999997,0.6733
2026-07-30,沪深300ETF华泰柏瑞,12月,4.605,4.9,0.06406080347448428,above_spot,,10927605.702566251,-3217918.4425170007,7709687.26004925,14145524.145083252,0.11397280788176935,6527.0,3338.0,9865.0,0.08395530326885271,2424.0,295.0,2719.0,0.015871903986363824,0.22915,-0.1015,0.62205
2026-07-30,沪深300ETF华泰柏瑞,12月,4.605,5.0,0.08577633007600416,above_spot,"call_wall,max_gamma",17361510.294602253,-3153007.2241125004,14208503.070489753,20514517.518714752,0.16528883199851957,11731.0,3515.0,15246.0,0.1297498787265006,4602.0,88.0,4690.0,0.027377429090123695,0.24164999999999998,-0.14765,0.56045
2026-07-30,沪深300ETF华泰柏瑞,12月,4.605,6.0,0.3029315960912051,above_spot,call_oi_wall,4313513.51610525,-524716.1569732501,3788797.3591320002,4838229.673078501,0.038982409938434014,11751.0,1067.0,12818.0,0.1090865765129401,113942.0,7.0,113949.0,0.6651664536013869,0.35205,-0.3466,0.2025
2026-07-30,沪深300ETF华泰柏瑞,3月,4.605,4.3,-0.0662323561346364,below_spot,,270023.73843375006,-913603.2705562502,-643579.5321225002,1183627.0089900002,0.06308133247634509,335.0,1275.0,1610.0,0.0966096609660966,33.0,837.0,870.0,0.11857707509881422,0.13615,0.22025,0.359
2026-07-30,沪深300ETF华泰柏瑞,3月,4.605,4.4,-0.0445168295331162,below_spot,,521525.07433125,-903229.7072467501,-381704.63291550014,1424754.7815780002,0.07593222306634907,605.0,1209.0,1814.0,0.10885088508850885,332.0,202.0,534.0,0.07278179092272045,0.13774999999999998,0.18055000000000002,0.37939999999999996
2026-07-30,沪深300ETF华泰柏瑞,3月,4.605,4.5,-0.022801302931596212,below_spot,,765980.4963622501,-1053952.1661150004,-287971.6697527503,1819932.6624772504,0.0969932052025836,403.0,1340.0,1743.0,0.1045904590459046,290.0,111.0,401.0,0.054654490936350004,0.18095,0.20625,0.6335999999999999
2026-07-30,沪深300ETF华泰柏瑞,3月,4.605,4.6,-0.0010857763300762269,below_spot,,1706101.05294,-659826.3161160002,1046274.7368239999,2365927.3690560004,0.126091961275587,790.0,852.0,1642.0,0.09852985298529852,151.0,54.0,205.0,0.027940575166961974,0.19045,0.13230000000000003,0.6918
2026-07-30,沪深300ETF华泰柏瑞,3月,4.605,4.7,0.02062975027144409,above_spot,"call_wall,put_wall,call_oi_wall,put_oi_wall,price_wall,max_gamma,gamma_flip",3926075.6222707513,-1093055.2279740004,2833020.394296751,5019130.850244751,0.2674942862082363,2061.0,1466.0,3527.0,0.21164116411641165,709.0,306.0,1015.0,0.1383399209486166,0.20975,0.059500000000000025,0.62495
2026-07-30,沪深300ETF华泰柏瑞,3月,4.605,4.8,0.042345276872963966,above_spot,,1098692.8497202503,-439962.67303650005,658730.1766837502,1538655.5227567505,0.08200255643068309,593.0,614.0,1207.0,0.07242724272427242,174.0,95.0,269.0,0.03666348643859888,0.2195,0.0013999999999999846,0.6058
2026-07-30,沪深300ETF华泰柏瑞,3月,4.605,4.9,0.06406080347448428,above_spot,,596755.3565610002,-118541.46768975003,478213.8888712502,715296.8242507502,0.03812170256940847,364.0,171.0,535.0,0.032103210321032104,25.0,57.0,82.0,0.01117623006678479,0.2314,-0.04694999999999999,0.55
2026-07-30,沪深300ETF华泰柏瑞,3月,4.605,5.0,0.08577633007600416,above_spot,,2072465.6714910003,-21640.324392000006,2050825.3470990004,2094105.9958830003,0.1116052570308653,1389.0,32.0,1421.0,0.08526852685268527,1003.0,10.0,1013.0,0.13806732997137794,0.23795,-0.09175000000000003,0.51125
2026-07-30,沪深300ETF华泰柏瑞,8月,4.605,4.3,-0.0662323561346364,below_spot,,2384681.5534455003,-31829364.747324005,-29444683.193878505,34214046.30076951,0.02699285576059398,2358.0,21369.0,23727.0,0.037967695375132414,1206.0,49647.0,50853.0,0.056380361500416316,0.21325,0.39765,0.58965
2026-07-30,沪深300ETF华泰柏瑞,8月,4.605,4.4,-0.0445168295331162,below_spot,,12101330.558182502,-39471884.679969005,-27370554.121786505,51573215.238151506,0.04068821173022675,5465.0,20062.0,25527.0,0.04084803640751065,12085.0,49210.0,61295.0,0.067957333061334,0.2233,0.2994,0.986
2026-07-30,沪深300ETF华泰柏瑞,8月,4.605,4.5,-0.022801302931596212,below_spot,,46219809.15050626,-70732838.89198801,-24513029.74148175,116952648.04249427,0.09226871126785025,16025.0,29974.0,45999.0,0.07360711508242576,48832.0,114452.0,163284.0,0.18103181616097333,0.23095000000000002,0.17445,1.23645
2026-07-30,沪深300ETF华泰柏瑞,8月,4.605,4.6,-0.0010857763300762269,below_spot,,140085462.8649465,-108211929.99669228,31873532.86825423,248297392.86163878,0.19589193433385318,42957.0,41497.0,84454.0,0.13514240086026186,98191.0,105143.0,203334.0,0.2254349679532309,0.22765,0.041550000000000004,1.38375
2026-07-30,沪深300ETF华泰柏瑞,8月,4.605,4.7,0.02062975027144409,above_spot,"call_wall,put_wall,put_oi_wall,price_wall,max_gamma,gamma_flip",181566530.62072203,-108879251.15822403,72687279.462498,290445781.77894604,0.2291445164045305,59442.0,43482.0,102924.0,0.1646979002313874,100392.0,68427.0,168819.0,0.1871684315210269,0.23470000000000002,-0.09150000000000003,1.3106
2026-07-30,沪深300ETF华泰柏瑞,8月,4.605,4.8,0.042345276872963966,above_spot,call_oi_wall,174419060.252256,-66523249.53054001,107895810.72171599,240942309.78279603,0.19008920948485095,67712.0,30998.0,98710.0,0.15795470183669746,73532.0,39913.0,113445.0,0.1257756692902037,0.246,-0.20275,1.11335
2026-07-30,沪深300ETF华泰柏瑞,8月,4.605,4.9,0.06406080347448428,above_spot,,118370502.38353728,-20746340.299593,97624162.08394428,139116842.68313026,0.10975494787737286,60627.0,11597.0,72224.0,0.11557208373471418,38584.0,4894.0,43478.0,0.04820375115165478,0.25775,-0.2872,0.88215
2026-07-30,沪深300ETF华泰柏瑞,8月,4.605,5.0,0.08577633007600416,above_spot,,79959974.3774325,-12364055.18281125,67595919.19462125,92324029.56024374,0.07283819023476402,57174.0,8493.0,65667.0,0.10507964142954526,32197.0,2685.0,34882.0,0.03867342673701693,0.2726,-0.34535,0.673
2026-07-30,沪深300ETF华泰柏瑞,9月,4.605,4.0,-0.13137893593919658,below_spot,put_oi_wall,1062943.0965945004,-21825947.51475301,-20763004.41815851,22888890.61134751,0.04629723442861728,1562.0,34631.0,36193.0,0.08559542898225798,173.0,9464.0,9637.0,0.06447533920304012,0.14100000000000001,0.40455,0.30905000000000005
2026-07-30,沪深300ETF华泰柏瑞,9月,4.605,4.3,-0.0662323561346364,below_spot,put_wall,1655550.9787860003,-25863152.886915755,-24207601.908129755,27518703.865701754,0.05566193249272056,1816.0,19649.0,21465.0,0.050764122429866755,354.0,11357.0,11711.0,0.07835121899001793,0.18625,0.37234999999999996,0.5253
2026-07-30,沪深300ETF华泰柏瑞,9月,4.605,4.4,-0.0445168295331162,below_spot,,6597129.487063501,-23212285.885561503,-16615156.398498002,29809415.372625005,0.060295342186756994,3262.0,14794.0,18056.0,0.04270193312805377,1169.0,10353.0,11522.0,0.07708673428426152,0.20485,0.26525,0.8468
2026-07-30,沪深300ETF华泰柏瑞,9月,4.605,4.5,-0.022801302931596212,below_spot,,11442715.954335002,-25483186.935990006,-14040470.981655004,36925902.89032501,0.07468982274545843,4755.0,14980.0,19735.0,0.04667272099480179,2304.0,7241.0,9545.0,0.06385982283833329,0.217,0.15855000000000002,0.9685
2026-07-30,沪深300ETF华泰柏瑞,9月,4.605,4.6,-0.0010857763300762269,below_spot,,20419686.29551726,-25704743.243985005,-5285056.948467746,46124429.53950226,0.09329563252042905,8087.0,14482.0,22569.0,0.05337505143813943,6627.0,12798.0,19425.0,0.12996092809163165,0.22294999999999998,0.054900000000000004,1.0138500000000001
2026-07-30,沪深300ETF华泰柏瑞,9月,4.605,4.7,0.02062975027144409,above_spot,price_wall,28546610.791911755,-21038525.818573505,7508084.97333825,49585136.610485256,0.10029558587223725,11797.0,12179.0,23976.0,0.05670256694053041,8777.0,6481.0,15258.0,0.10208205100757353,0.23135,-0.043149999999999966,0.97785
2026-07-30,沪深300ETF华泰柏瑞,9月,4.605,4.8,0.042345276872963966,above_spot,,35163050.27328001,-11491730.50021875,23671319.77306126,46654780.77349876,0.09436837107411279,16193.0,7107.0,23300.0,0.05510384591734896,9053.0,3466.0,12519.0,0.08375705836700832,0.23969999999999997,-0.12980000000000003,0.89325
2026-07-30,沪深300ETF华泰柏瑞,9月,4.605,4.9,0.06406080347448428,above_spot,,40409841.58581601,-9287534.909970002,31122306.67584601,49697376.49578601,0.10052261287718235,21808.0,6329.0,28137.0,0.06654321513203638,8903.0,792.0,9695.0,0.06486338212861616,0.24874999999999997,-0.20264999999999997,0.7828999999999999
2026-07-30,沪深300ETF华泰柏瑞,9月,4.605,5.0,0.08577633007600416,above_spot,"call_wall,call_oi_wall,max_gamma",58197499.46434801,-11639242.366902003,46558257.09744601,69836741.83125001,0.14125839749914632,38308.0,8986.0,47294.0,0.11184898235257948,12392.0,967.0,13359.0,0.08937699039259239,0.26095,-0.2595,0.6636
2026-07-30,沪深300ETF华泰柏瑞,9月,4.605,5.25,0.1400651465798044,above_spot,gamma_flip,29772352.96655176,-7018204.165692751,22754148.800859008,36790557.13224451,0.074416059617434,34933.0,7389.0,42322.0,0.10009034192764132,7317.0,342.0,7659.0,0.051241737361843336,0.285,-0.35735,0.4249
2026-07-30,沪深300ETF嘉实,12月,4.798,4.4,-0.0829512296790329,below_spot,,69875.96721336001,-791689.13288864,-721813.16567528,861565.100102,0.02843162790033391,77.0,868.0,945.0,0.032184456099720725,5.0,778.0,783.0,0.04615112578097371,0.12645,0.26745,0.3952
2026-07-30,沪深300ETF嘉实,12月,4.798,4.5,-0.06210921217173826,below_spot,,158198.50467191997,-981209.2830668801,-823010.7783949601,1139407.7877388,0.037600430012655985,318.0,994.0,1312.0,0.04468360465908317,25.0,20.0,45.0,0.002652363550630673,0.15925,0.3523,0.32245
2026-07-30,沪深300ETF嘉实,12月,4.798,4.6,-0.04126719466444362,below_spot,"put_wall,put_oi_wall",946545.2470278,-1411290.3892200002,-464745.1421922003,2357835.6362478,0.07780852015942619,513.0,1340.0,1853.0,0.0631087800558545,0.0,66.0,66.0,0.003890133207591654,0.18275000000000002,0.24785000000000001,0.6295
2026-07-30,沪深300ETF嘉实,12月,4.798,4.7,-0.020425177157148755,below_spot,,2161393.3605148,-938916.6129982801,1222476.7475165199,3100309.9735130803,0.10231015570637939,1093.0,861.0,1954.0,0.06654860023159186,51.0,81.0,132.0,0.007780266415183308,0.19905,0.15685,0.66635
2026-07-30,沪深300ETF嘉实,12月,4.798,4.8,0.00041684035014588616,above_spot,"price_wall,gamma_flip",2231846.2290764,-1041776.0975587202,1190070.13151768,3273622.32663512,0.10802945925513471,1093.0,942.0,2035.0,0.0693072678972822,120.0,302.0,422.0,0.02487327596369209,0.2057,0.0849,0.6837
2026-07-30,沪深300ETF嘉实,12月,4.798,4.9,0.02125885785744064,above_spot,,1408257.16808496,-670468.4852658401,737788.6828191199,2078725.6533508,0.06859789733352877,732.0,601.0,1333.0,0.045398814794632515,184.0,127.0,311.0,0.018330779205469765,0.21325,0.017749999999999988,0.66015
2026-07-30,沪深300ETF嘉实,12月,4.798,5.0,0.04210087536473539,above_spot,,2667194.9556008,-553570.2238020801,2113624.7317987196,3220765.1794028804,0.10628517464819986,1415.0,622.0,2037.0,0.0693753831482869,226.0,126.0,352.0,0.020747377107155487,0.24814999999999998,-0.036000000000000004,0.6027
2026-07-30,沪深300ETF嘉实,12月,4.798,5.25,0.09420591913297205,above_spot,"call_wall,max_gamma",6000610.137297281,-995676.9375487202,5004933.199748561,6996287.074846001,0.23087730778833496,4148.0,1113.0,5261.0,0.17917716776786322,544.0,109.0,653.0,0.03848874219026288,0.2512,-0.15940000000000001,0.5085
2026-07-30,沪深300ETF嘉实,12月,4.798,6.25,0.3026260942059191,above_spot,call_oi_wall,2204691.8095101602,-140207.05572180002,2064484.7537883602,2344898.86523196,0.07738160702226377,5721.0,285.0,6006.0,0.20455009876711397,8962.0,15.0,8977.0,0.5291170576447012,0.37795,-0.33005,0.19055
2026-07-30,沪深300ETF嘉实,3月,4.798,4.4,-0.0829512296790329,below_spot,,39785.24409692,-178260.44473380005,-138475.20063688004,218045.68883072006,0.05761560540249712,49.0,247.0,296.0,0.07702315899037211,43.0,388.0,431.0,0.28906773977196515,0.13329999999999997,0.25475,0.3331
2026-07-30,沪深300ETF嘉实,3月,4.798,4.5,-0.06210921217173826,below_spot,,22960.029077440002,-239583.26242900002,-216623.23335156002,262543.29150644003,0.06937349124224769,26.0,313.0,339.0,0.08821233411397346,2.0,210.0,212.0,0.14218645204560698,0.13385,0.2172,0.35805
2026-07-30,沪深300ETF嘉实,3月,4.798,4.6,-0.04126719466444362,below_spot,"put_wall,put_oi_wall,price_wall,max_gamma",118954.47967704001,-585198.2762096401,-466243.79653260007,704152.7558866801,0.18606278135471202,126.0,747.0,873.0,0.22716627634660422,20.0,20.0,40.0,0.02682763246143528,0.13785,0.17709999999999998,0.3752
2026-07-30,沪深300ETF嘉实,3月,4.798,4.7,-0.020425177157148755,below_spot,,216648.786444,-66649.8317408,149998.9547032,283298.6181848,0.07485780381138403,100.0,80.0,180.0,0.0468384074941452,0.0,3.0,3.0,0.002012072434607646,0.1731,0.2145,0.6515
2026-07-30,沪深300ETF嘉实,3月,4.798,4.8,0.00041684035014588616,above_spot,,122571.96881760002,-68860.74975696001,53711.21906064001,191432.71857456,0.050583490247687955,60.0,84.0,144.0,0.03747072599531616,35.0,43.0,78.0,0.052313883299798795,0.19455,0.12065000000000001,0.62175
2026-07-30,沪深300ETF嘉实,3月,4.798,4.9,0.02125885785744064,above_spot,call_wall,482005.91082336,-131609.47605192004,350396.43477144,613615.3868752801,0.16213951391881778,242.0,162.0,404.0,0.10512620348685922,39.0,50.0,89.0,0.059691482226693494,0.20315,0.05704999999999999,0.60905
2026-07-30,沪深300ETF嘉实,3月,4.798,5.0,0.04210087536473539,above_spot,,317976.4667062801,-151195.11567904003,166781.35102724005,469171.5823853201,0.12397220464085294,167.0,212.0,379.0,0.09862086911267239,20.0,60.0,80.0,0.05365526492287056,0.22760000000000002,0.0040999999999999925,0.56845
2026-07-30,沪深300ETF嘉实,3月,4.798,5.25,0.09420591913297205,above_spot,gamma_flip,204313.0886206,-35626.9962704,168686.0923502,239940.084891,0.06340090155166525,139.0,53.0,192.0,0.04996096799375488,50.0,30.0,80.0,0.05365526492287056,0.2484,-0.10279999999999997,0.46524999999999994
2026-07-30,沪深300ETF嘉实,3月,4.798,5.75,0.1984160066694456,above_spot,call_oi_wall,357219.34066096,-16863.42955412,340355.91110684,374082.77021508,0.09884628030099575,436.0,31.0,467.0,0.12151964610981004,325.0,20.0,345.0,0.23138832997987926,0.29705,-0.226,0.29610000000000003
2026-07-30,沪深300ETF嘉实,8月,4.798,4.4,-0.0829512296790329,below_spot,put_oi_wall,313396.01733440004,-11963329.412458802,-11649933.395124402,12276725.429793201,0.05432162970469096,272.0,10013.0,10285.0,0.07834280404015782,219.0,13735.0,13954.0,0.0732897397515691,0.266,0.39605,0.5097499999999999
2026-07-30,沪深300ETF嘉实,8月,4.798,4.5,-0.06210921217173826,below_spot,,1328382.80527832,-8955212.464180801,-7626829.658902481,10283595.26945912,0.04550249636640118,803.0,5430.0,6233.0,0.04747794823357353,990.0,10745.0,11735.0,0.061635021928096854,0.2475,0.34675,0.7175
2026-07-30,沪深300ETF嘉实,8月,4.798,4.6,-0.04126719466444362,below_spot,,3587308.17589188,-11272488.436485121,-7685180.260593241,14859796.612377001,0.0657511136565479,1551.0,5304.0,6855.0,0.052215840709312775,855.0,15860.0,16715.0,0.08779117098663305,0.24064999999999998,0.26449999999999996,0.96395
2026-07-30,沪深300ETF嘉实,8月,4.798,4.7,-0.020425177157148755,below_spot,,7202733.501373281,-12479879.420932401,-5277145.91955912,19682612.92230568,0.08709094431578118,2522.0,4910.0,7432.0,0.0566109596136561,2325.0,14025.0,16350.0,0.08587410383676042,0.23715,0.15585000000000002,1.17235
2026-07-30,沪深300ETF嘉实,8月,4.798,4.8,0.00041684035014588616,above_spot,put_wall,16542379.57987168,-16201290.456157442,341089.1237142384,32743670.036029123,0.1448830577047222,5326.0,5916.0,11242.0,0.08563245532517787,7833.0,10803.0,18636.0,0.09788072165760656,0.2367,0.03155000000000002,1.2694
2026-07-30,沪深300ETF嘉实,8月,4.798,4.9,0.02125885785744064,above_spot,,30090411.184545808,-13054082.730943602,17036328.453602206,43144493.915489405,0.19090426316661432,10043.0,4910.0,14953.0,0.11389984917962859,10194.0,4319.0,14513.0,0.07622574122219596,0.2387,-0.09249999999999997,1.2282000000000002
2026-07-30,沪深300ETF嘉实,8月,4.798,5.0,0.04210087536473539,above_spot,"call_wall,price_wall,max_gamma,gamma_flip",44252109.28228007,-11978881.116601,32273228.165679075,56230990.39888107,0.2488089397978418,17058.0,5089.0,22147.0,0.168697917460124,10942.0,1980.0,12922.0,0.06786942934425799,0.24345,-0.20154999999999998,1.0747
2026-07-30,沪深300ETF嘉实,8月,4.798,5.25,0.09420591913297205,above_spot,call_oi_wall,23413458.343426,-2750058.3395988,20663400.0038272,26163516.6830248,0.11576742293011583,18001.0,1990.0,19991.0,0.1522752547950214,8610.0,244.0,8854.0,0.046503322041019986,0.26225,-0.3764,0.5826499999999999
2026-07-30,沪深300ETF嘉实,9月,4.798,4.2,-0.1246352646936223,below_spot,"put_wall,put_oi_wall",358354.49650620006,-7600263.190670401,-7241908.694164201,7958617.687176601,0.06939015733779912,471.0,10740.0,11211.0,0.10156639276687111,134.0,8176.0,8310.0,0.1347603989297008,0.1367,0.39745,0.31895
2026-07-30,沪深300ETF嘉实,9月,4.798,4.4,-0.0829512296790329,below_spot,,436934.85992,-2820647.49132008,-2383712.63140008,3257582.3512400803,0.028402438812659962,520.0,2402.0,2922.0,0.026471947164820032,93.0,1524.0,1617.0,0.02622233033325225,0.2037,0.3922,0.43755
2026-07-30,沪深300ETF嘉实,9月,4.798,4.5,-0.06210921217173826,below_spot,,2278236.3720489605,-3388932.6130389604,-1110696.2409899998,5667168.985087921,0.04941131274200634,1446.0,2374.0,3820.0,0.03460740525996322,1015.0,1448.0,2463.0,0.039941620043784966,0.21715,0.31515000000000004,0.65225
2026-07-30,沪深300ETF嘉实,9月,4.798,4.6,-0.04126719466444362,below_spot,,4025978.57422544,-3666118.2869296,359860.2872958402,7692096.861155041,0.06706639675796441,1988.0,2218.0,4206.0,0.0381043839066506,942.0,2580.0,3522.0,0.05711505716370713,0.2222,0.23170000000000002,0.7988500000000001
2026-07-30,沪深300ETF嘉实,9月,4.798,4.7,-0.020425177157148755,below_spot,,7011140.558002881,-4842927.974927201,2168212.58307568,11854068.532930082,0.1033540889793491,3019.0,2668.0,5687.0,0.05152154809251592,720.0,2081.0,2801.0,0.045422849266196386,0.22485,0.14145,0.89865
2026-07-30,沪深300ETF嘉实,9月,4.798,4.8,0.00041684035014588616,above_spot,,5899935.557244481,-4401014.63593416,1498920.9213103205,10300950.19317864,0.08981265123278903,2406.0,2346.0,4752.0,0.043050887380980424,994.0,1452.0,2446.0,0.03966593691721398,0.2283,0.04719999999999999,0.9400499999999999
2026-07-30,沪深300ETF嘉实,9月,4.798,4.9,0.02125885785744064,above_spot,,8018090.783270401,-4937505.264832561,3080585.51843784,12955596.048102962,0.11295816478674942,3408.0,2667.0,6075.0,0.05503664579954883,1630.0,1303.0,2933.0,0.04756344766074759,0.2344,-0.04390000000000002,0.9131
2026-07-30,沪深300ETF嘉实,9月,4.798,5.0,0.04210087536473539,above_spot,price_wall,8709235.633856881,-4990831.576050321,3718404.057806561,13700067.209907202,0.11944911247158246,4038.0,2873.0,6911.0,0.06261041302398057,2413.0,781.0,3194.0,0.05179599448633747,0.24125,-0.12600000000000003,0.84575
2026-07-30,沪深300ETF嘉实,9月,4.798,5.25,0.09420591913297205,above_spot,"call_wall,max_gamma",9136938.46074876,-5126368.401264641,4010570.0594841186,14263306.862013401,0.12435992608454313,6309.0,3904.0,10213.0,0.0925249816544514,2883.0,490.0,3373.0,0.054698775642584935,0.265,-0.27635,0.59975
2026-07-30,沪深300ETF嘉实,9月,4.798,5.5,0.14631096290120893,above_spot,gamma_flip,7633299.886074722,-2081473.8769323204,5551826.009142402,9714773.763007043,0.084701854821139,8892.0,2201.0,11093.0,0.1004973682064848,4304.0,8.0,4312.0,0.069926214222006,0.3046,-0.35105000000000003,0.39185000000000003
2026-07-30,沪深300ETF嘉实,9月,4.798,6.25,0.3026260942059191,above_spot,call_oi_wall,4729502.63195488,-170312.51215280002,4559190.11980208,4899815.144107681,0.04272085393969727,20794.0,355.0,21149.0,0.19160000362381208,20511.0,0.0,20511.0,0.3326198005351496,0.42555,-0.4248,0.15360000000000001
2026-07-30,深证100ETF易方达,12月,3.524,3.2,-0.09194097616345054,below_spot,,76812.61813280001,-108636.58517616,-31823.967043359997,185449.20330896002,0.04416472628620748,110.0,213.0,323.0,0.04403544648943422,33.0,2.0,35.0,0.014,0.27635,0.28559999999999997,0.48650000000000004
2026-07-30,深证100ETF易方达,12月,3.524,3.3,-0.06356413166855857,below_spot,,102434.624136,-138408.00997824,-35973.38584224001,240842.63411424,0.057356671389866845,130.0,249.0,379.0,0.05167007498295842,71.0,77.0,148.0,0.0592,0.2907,0.21474999999999997,0.54105
2026-07-30,深证100ETF易方达,12月,3.524,3.4,-0.03518728717366637,below_spot,"put_wall,price_wall,max_gamma,gamma_flip",283014.3796096,-197312.91733328,85701.46227632,480327.29694288,0.11438994192891885,305.0,353.0,658.0,0.08970688479890934,145.0,24.0,169.0,0.0676,0.29379999999999995,0.15714999999999998,0.59865
2026-07-30,深证100ETF易方达,12月,3.524,3.5,-0.006810442678774176,below_spot,,196057.52348544003,-168497.59869743997,27559.924788000062,364555.12218288,0.08681879943489584,216.0,309.0,525.0,0.07157464212678936,51.0,2.0,53.0,0.0212,0.3166,0.09215000000000004,0.585
2026-07-30,深证100ETF易方达,12月,3.524,3.6,0.02156640181611813,above_spot,,241440.96110592005,-117007.823072,124433.13803392006,358448.7841779201,0.08536457508780698,249.0,200.0,449.0,0.06121336059986367,65.0,0.0,65.0,0.026,0.30235,0.031100000000000017,0.62595
2026-07-30,深证100ETF易方达,12月,3.524,3.7,0.049943246311010325,above_spot,,231931.68490544,-114059.15638656,117872.52851887999,345990.841292,0.08239771608906961,257.0,196.0,453.0,0.06175869120654397,5.0,18.0,23.0,0.0092,0.3122,-0.025199999999999972,0.59765
2026-07-30,深证100ETF易方达,12月,3.524,3.8,0.0783200908059023,above_spot,,294724.4758488,-97424.97057759999,197299.50527119997,392149.4464264,0.09339038753299925,345.0,190.0,535.0,0.07293796864349011,36.0,20.0,56.0,0.0224,0.34,-0.07025,0.5504
2026-07-30,深证100ETF易方达,12月,3.524,3.9,0.1066969353007945,above_spot,,238698.69115359997,-71728.70148992,166969.98966367997,310427.39264351997,0.0739282810776018,305.0,137.0,442.0,0.06025903203817314,41.0,10.0,51.0,0.0204,0.33735,-0.1187,0.5259
2026-07-30,深证100ETF易方达,12月,3.524,4.5,0.27695800227014744,above_spot,put_oi_wall,175423.19016112,-149852.4728768,25570.71728432001,325275.66303792,0.07746439655338391,457.0,388.0,845.0,0.11520109066121335,5.0,0.0,5.0,0.002,0.37744999999999995,-0.3054,0.31005
2026-07-30,深证100ETF易方达,12月,3.524,4.6,0.30533484676503964,above_spot,"call_wall,call_oi_wall",428963.19730656,-10942.007313600001,418021.18999296,439905.20462016,0.10476342096525351,1302.0,30.0,1332.0,0.18159509202453988,1760.0,0.0,1760.0,0.704,0.3872,-0.3217,0.27949999999999997
2026-07-30,深证100ETF易方达,3月,3.524,3.2,-0.09194097616345054,below_spot,,458.99056896,-9228.61638288,-8769.62581392,9687.60695184,0.0368516801246388,1.0,23.0,24.0,0.04771371769383698,0.0,24.0,24.0,0.01702127659574468,0.18434999999999999,0.2251,0.34635
2026-07-30,深证100ETF易方达,3月,3.524,3.3,-0.06356413166855857,below_spot,,25248.206865599997,-30373.353180799997,-5125.1463152,55621.560046399994,0.21158454807809957,30.0,70.0,100.0,0.1988071570576541,0.0,870.0,870.0,0.6170212765957447,0.24635,0.2532,0.51355
2026-07-30,深证100ETF易方达,3月,3.524,3.4,-0.03518728717366637,below_spot,price_wall,920.9615961600001,-19179.2487744,-18258.28717824,20100.21037056,0.07646124855149453,1.0,45.0,46.0,0.09145129224652088,0.0,510.0,510.0,0.3617021276595745,0.27155,0.17845000000000003,0.5424
2026-07-30,深证100ETF易方达,3月,3.524,3.5,-0.006810442678774176,below_spot,"put_wall,put_oi_wall",1752.75781664,-33025.83682864,-31273.079012,34778.59464528,0.1322978576054746,2.0,73.0,75.0,0.14910536779324055,1.0,1.0,2.0,0.0014184397163120568,0.2801,0.11474999999999999,0.535
2026-07-30,深证100ETF易方达,3月,3.524,3.6,0.02156640181611813,above_spot,,11741.63942224,-12576.043543680002,-834.4041214400022,24317.68296592,0.09250452443905698,13.0,29.0,42.0,0.08349900596421471,4.0,0.0,4.0,0.0028368794326241137,0.29295,0.06225,0.53825
2026-07-30,深证100ETF易方达,3月,3.524,3.7,0.049943246311010325,above_spot,,1706.80908544,-17963.22181248,-16256.412727039999,19670.030897919998,0.0748248448038276,2.0,42.0,44.0,0.0874751491053678,0.0,0.0,0.0,0.0,0.30435,0.01369999999999999,0.5158
2026-07-30,深证100ETF易方达,3月,3.524,3.8,0.0783200908059023,above_spot,,13604.301636479999,-13814.79649968,-210.49486320000142,27419.09813616,0.10430231519951703,17.0,33.0,50.0,0.09940357852882704,0.0,0.0,0.0,0.0,0.3149,-0.029600000000000015,0.49075
2026-07-30,深证100ETF易方达,3月,3.524,3.9,0.1066969353007945,above_spot,,2970.5233792000004,0.0,2970.5233792000004,2970.5233792000004,0.011299878072803908,4.0,0.0,4.0,0.007952286282306162,0.0,0.0,0.0,0.0,0.32565,-0.0678,0.46275
2026-07-30,深证100ETF易方达,3月,3.524,4.2,0.19182746878547108,above_spot,"call_wall,call_oi_wall,max_gamma",62003.96299584,0.0,62003.96299584,62003.96299584,0.23586322423502615,108.0,0.0,108.0,0.2147117296222664,0.0,0.0,0.0,0.0,0.35835,-0.15635,0.37825
2026-07-30,深证100ETF易方达,8月,3.524,3.2,-0.09194097616345054,below_spot,put_oi_wall,54609.4461024,-1650426.7634278398,-1595817.3173254398,1705036.20953024,0.046542411050037286,70.0,2056.0,2126.0,0.052911896465903434,18.0,3654.0,3672.0,0.06084708689600318,0.42215,0.31975,0.6373
2026-07-30,深证100ETF易方达,8月,3.524,3.3,-0.06356413166855857,below_spot,,35275.33768528,-1044725.00039024,-1009449.66270496,1080000.33807552,0.029480793069338384,31.0,991.0,1022.0,0.025435540069686412,14.0,1060.0,1074.0,0.01779677868363492,0.34185,0.2826,0.8826
2026-07-30,深证100ETF易方达,8月,3.524,3.4,-0.03518728717366637,below_spot,,1051987.25944928,-1467642.8349000001,-415655.57545072003,2519630.09434928,0.06877839830601473,737.0,1125.0,1862.0,0.046341463414634146,529.0,684.0,1213.0,0.020100086166898654,0.33299999999999996,0.18195,1.09995
2026-07-30,深证100ETF易方达,8月,3.524,3.5,-0.006810442678774176,below_spot,,2341196.14462272,-2372811.60377504,-31615.459152319934,4714007.74839776,0.12867837356922598,1386.0,1699.0,3085.0,0.07677949228471877,1833.0,1681.0,3514.0,0.05822893882150196,0.3278,0.06350000000000003,1.2424
2026-07-30,深证100ETF易方达,8月,3.524,3.6,0.02156640181611813,above_spot,put_wall,3078007.14796608,-2554595.83693488,523411.3110312,5632602.98490096,0.15375328801794455,1823.0,1829.0,3652.0,0.09089099054255849,1648.0,1173.0,2821.0,0.04674554252005037,0.32815,-0.06084999999999999,1.24215
2026-07-30,深证100ETF易方达,8月,3.524,3.7,0.049943246311010325,above_spot,"price_wall,max_gamma,gamma_flip",4746499.46227264,-2177484.04418688,2569015.4180857604,6923983.50645952,0.18900413062201424,3196.0,1572.0,4768.0,0.11866600298656048,4388.0,558.0,4946.0,0.08195797706634851,0.3166,-0.18209999999999998,1.15565
2026-07-30,深证100ETF易方达,8月,3.524,3.8,0.0783200908059023,above_spot,call_wall,4801614.096046721,-1174219.32907296,3627394.766973761,5975833.42511968,0.1631224569213699,4028.0,1058.0,5086.0,0.1265803882528621,3362.0,351.0,3713.0,0.061526479750778816,0.3407,-0.26399999999999996,0.9268000000000001
2026-07-30,深证100ETF易方达,8月,3.524,3.9,0.1066969353007945,above_spot,,3139411.91466992,-492349.96874,2647061.9459299203,3631761.88340992,0.09913628430219225,3473.0,575.0,4048.0,0.10074664011946242,1112.0,50.0,1162.0,0.0192549877377875,0.29979999999999996,-0.37275,0.7087
2026-07-30,深证100ETF易方达,8月,3.524,4.6,0.30533484676503964,above_spot,call_oi_wall,766193.1057878401,-1757.2285039999997,764435.8772838401,767950.3342918401,0.020962757227585116,6354.0,10.0,6364.0,0.15838725734196119,36563.0,5.0,36568.0,0.6059521442301319,0.45925,-0.47700000000000004,0.11929999999999999
2026-07-30,深证100ETF易方达,9月,3.524,3.0,-0.14869466515323493,below_spot,"put_wall,put_oi_wall,max_gamma",95345.23165488002,-1995339.17558,-1899993.94392512,2090684.4072348801,0.15735208235711504,207.0,4325.0,4532.0,0.22921302852518713,27.0,2718.0,2745.0,0.32780033436828276,0.19529999999999997,0.3602,0.3712
2026-07-30,深证100ETF易方达,9月,3.524,3.2,-0.09194097616345054,below_spot,,220852.70069856,-588759.7207296002,-367907.0200310402,809612.4214281602,0.06093420889975335,322.0,830.0,1152.0,0.05826421201699373,23.0,79.0,102.0,0.012180558872701218,0.38539999999999996,0.27655,0.56175
2026-07-30,深证100ETF易方达,9月,3.524,3.3,-0.06356413166855857,below_spot,,130585.79732736,-538103.85248256,-407518.05515519995,668689.64980992,0.050327877552501364,152.0,651.0,803.0,0.04061298806392879,26.0,247.0,273.0,0.03260090757105326,0.3585,0.22150000000000003,0.6787
2026-07-30,深证100ETF易方达,9月,3.524,3.4,-0.03518728717366637,below_spot,,317582.97613472,-628408.75669632,-310825.7805616,945991.73283104,0.07119858384099799,278.0,684.0,962.0,0.04865466316002428,174.0,306.0,480.0,0.057320277048005734,0.32504999999999995,0.1569,0.82985
2026-07-30,深证100ETF易方达,9月,3.524,3.5,-0.006810442678774176,below_spot,,595228.556968,-635260.08507552,-40031.52810751996,1230488.64204352,0.09261079743661865,514.0,657.0,1171.0,0.059225166902690675,332.0,331.0,663.0,0.07917363267255792,0.33565,0.06790000000000002,0.85555
2026-07-30,深证100ETF易方达,9月,3.524,3.6,0.02156640181611813,above_spot,"call_wall,price_wall",944949.4417473599,-836259.95343744,108689.48830991995,1781209.3951848,0.1340599310333392,777.0,868.0,1645.0,0.08319846247218289,421.0,92.0,513.0,0.06126104609505613,0.33345,-0.018649999999999972,0.87755
2026-07-30,深证100ETF易方达,9月,3.524,3.7,0.049943246311010325,above_spot,,736679.8631808001,-498526.3475136,238153.5156672001,1235206.2106944001,0.09296585784091009,642.0,540.0,1182.0,0.05978150920493627,293.0,53.0,346.0,0.041318366372104134,0.33990000000000004,-0.09945000000000001,0.8337
2026-07-30,深证100ETF易方达,9月,3.524,3.8,0.0783200908059023,above_spot,,393185.7765936,-292756.75248160004,100429.02411199996,685942.5290752,0.05162638844666269,381.0,290.0,671.0,0.03393688043698159,93.0,22.0,115.0,0.013732983042751373,0.3097,-0.19295,0.82195
2026-07-30,深证100ETF易方达,9月,3.524,3.9,0.1066969353007945,above_spot,,873890.2256896,-220762.79020832,653127.43548128,1094653.01589792,0.08238734211341095,976.0,239.0,1215.0,0.061450536111673074,247.0,2.0,249.0,0.029734893718652972,0.2962,-0.27564999999999995,0.7323999999999999
2026-07-30,深证100ETF易方达,9月,3.524,4.6,0.30533484676503964,above_spot,call_oi_wall,475355.14748399996,-9495.98832416,465859.15915983997,484851.13580815995,0.0364915601745602,2219.0,26.0,2245.0,0.11354440623103379,2284.0,0.0,2284.0,0.27274898495342725,0.47450000000000003,-0.40275,0.23329999999999998
2026-07-30,科创50ETF华夏,12月,1.669,1.3,-0.2210904733373278,below_spot,"put_wall,put_oi_wall,max_gamma",448711.5365728001,-4835229.84873705,-4386518.31216425,5283941.38530985,0.1312903937541525,3545.0,40321.0,43866.0,0.16764183211358033,456.0,28089.0,28545.0,0.20259624119918238,0.4646,0.3621,0.44245
2026-07-30,科创50ETF华夏,12月,1.669,1.5,-0.10125823846614745,below_spot,,325785.70458915,-1379015.7338853304,-1053230.0292961805,1704801.4384744803,0.042359298827996945,1621.0,8823.0,10444.0,0.03991363002312116,277.0,3147.0,3424.0,0.024301612536906655,0.5126000000000001,0.21030000000000001,0.6413
2026-07-30,科创50ETF华夏,12月,1.669,1.55,-0.07130017974835234,below_spot,,420582.46804943006,-1001829.0192539201,-581246.55120449,1422411.4873033501,0.03534273956325039,1933.0,6292.0,8225.0,0.03143332123134542,303.0,2489.0,2792.0,0.019816034521916874,0.51565,0.17460000000000003,0.67635
2026-07-30,科创50ETF华夏,12月,1.669,1.6,-0.04134212103055723,below_spot,price_wall,596622.2908122902,-1264210.53646254,-667588.2456502499,1860832.82727483,0.04623621966791348,2683.0,7762.0,10445.0,0.03991745170351404,910.0,3256.0,4166.0,0.029567908244378834,0.52455,0.13765000000000002,0.6915
2026-07-30,科创50ETF华夏,12月,1.669,1.65,-0.011384062312762233,below_spot,,355302.81815882,-517451.15963712,-162148.34147830005,872753.97779594,0.021685367993273568,1579.0,3121.0,4700.0,0.0179618978464831,801.0,1991.0,2792.0,0.019816034521916874,0.53125,0.10190000000000002,0.7015
2026-07-30,科创50ETF华夏,12月,1.669,1.7,0.018573996405032878,above_spot,,718841.7880931699,-797623.3307068801,-78781.54261371016,1516465.11880005,0.03767969552334865,3231.0,4722.0,7953.0,0.030393824164485123,1539.0,1518.0,3057.0,0.02169685441744265,0.5381,0.06745000000000001,0.70255
2026-07-30,科创50ETF华夏,12月,1.669,1.75,0.0485320551228281,above_spot,,803512.28521698,-939499.2506067001,-135986.96538972005,1743011.53582368,0.043308707301813076,3603.0,5530.0,9133.0,0.034903407028070245,1778.0,1640.0,3418.0,0.024259027935498525,0.54145,0.033899999999999986,0.7052499999999999
2026-07-30,科创50ETF华夏,12月,1.669,1.8,0.0784901138406231,above_spot,,1196580.15164403,-891631.3347144,304948.8169296299,2088211.4863584298,0.05188591021243235,5381.0,5256.0,10637.0,0.040651214338944835,2463.0,567.0,3030.0,0.021505223711106063,0.5446,0.0013999999999999846,0.70365
2026-07-30,科创50ETF华夏,12月,1.669,1.85,0.10844817255841832,above_spot,,1020954.0682565,-395840.7531245,625113.315132,1416794.8213809999,0.0352031819438981,4669.0,2350.0,7019.0,0.026824374677545716,1202.0,1141.0,2343.0,0.016629286849875084,0.5493,-0.029250000000000026,0.69485
2026-07-30,科创50ETF华夏,12月,1.669,2.55,0.5278609946075492,above_spot,"call_wall,call_oi_wall",2971531.29201664,-636189.51348069,2335341.77853595,3607720.8054973297,0.08964124515567791,26044.0,5473.0,31517.0,0.12044790094204422,25363.0,1121.0,26484.0,0.18796843061548943,0.6289499999999999,-0.29665,0.41345
2026-07-30,科创50ETF华夏,3月,1.669,1.6,-0.04134212103055723,below_spot,"put_wall,put_oi_wall,price_wall",127093.4490738,-279714.0577077,-152620.6086339,406807.5067815,0.1335163413628911,660.0,2079.0,2739.0,0.140938561284347,875.0,2755.0,3630.0,0.360906740902764,0.48334999999999995,0.1497,0.5871500000000001
2026-07-30,科创50ETF华夏,3月,1.669,1.65,-0.011384062312762233,below_spot,,35985.40905655,-18638.745763200004,17346.663293349997,54624.15481975001,0.01792793195797738,185.0,136.0,321.0,0.016517443655449212,249.0,118.0,367.0,0.03648836746868165,0.48924999999999996,0.11935000000000001,0.5951500000000001
2026-07-30,科创50ETF华夏,3月,1.669,1.7,0.018573996405032878,above_spot,,49280.4738754,-155848.79527679997,-106568.32140139997,205129.26915219997,0.0673244939365288,265.0,1128.0,1393.0,0.07167850159514254,138.0,417.0,555.0,0.055179956253728374,0.5057,0.09154999999999999,0.5818
2026-07-30,科创50ETF华夏,3月,1.669,1.75,0.0485320551228281,above_spot,,35145.423137000005,-167268.06331825,-132122.64018125,202413.48645525,0.06643315991837814,185.0,1207.0,1392.0,0.07162704538437789,72.0,197.0,269.0,0.02674487969775303,0.50715,0.06339999999999998,0.58975
2026-07-30,科创50ETF华夏,3月,1.669,1.8,0.0784901138406231,above_spot,,138029.75654907,-83092.72751779998,54937.02903127002,221122.48406687,0.0725735503242323,717.0,596.0,1313.0,0.06756200473397139,229.0,107.0,336.0,0.033406243786040964,0.5069,0.03539999999999999,0.5958
2026-07-30,科创50ETF华夏,3月,1.669,1.85,0.10844817255841832,above_spot,,35806.7153184,-70451.35029882,-34644.63498042001,106258.06561722001,0.03487445026212187,192.0,426.0,618.0,0.03179993825254708,120.0,0.0,120.0,0.011930801352157487,0.47025,-0.0019000000000000128,0.6315999999999999
2026-07-30,科创50ETF华夏,3月,1.669,2.15,0.28819652486518854,above_spot,"call_wall,call_oi_wall,max_gamma,gamma_flip",816748.99253288,-256653.76311359,560095.2294192901,1073402.75564647,0.3522963720031322,4973.0,1987.0,6960.0,0.3581352269218895,3278.0,10.0,3288.0,0.3269039570491151,0.54365,-0.11824999999999997,0.5266500000000001
2026-07-30,科创50ETF华夏,8月,1.669,1.6,-0.04134212103055723,below_spot,"put_wall,put_oi_wall,price_wall",4249366.7872872595,-35704044.86036151,-31454678.07307425,39953411.64764877,0.11519275628351268,11931.0,106167.0,118098.0,0.07956402755751142,28280.0,273914.0,302194.0,0.1428470811015988,0.6553,0.13405,1.24295
2026-07-30,科创50ETF华夏,8月,1.669,1.65,-0.011384062312762233,below_spot,,3731194.3344848,-14326746.249651158,-10595551.915166358,18057940.584135957,0.0520642383943435,14048.0,41126.0,55174.0,0.03717138017966549,50432.0,134503.0,184935.0,0.08741876060915894,0.33995000000000003,0.07084999999999997,1.10205
2026-07-30,科创50ETF华夏,8月,1.669,1.7,0.018573996405032878,above_spot,,7445712.12808602,-9883853.28042354,-2438141.1523375204,17329565.40850956,0.04996420386340426,27619.0,36663.0,64282.0,0.043307548133346446,115314.0,181867.0,297181.0,0.14047743637813537,0.0001,0.025000000000000022,0.9678
2026-07-30,科创50ETF华夏,8月,1.669,1.75,0.0485320551228281,above_spot,,17791279.91597475,-14802766.20062112,2988513.7153536305,32594046.11659587,0.09397440308013237,47925.0,42384.0,90309.0,0.06084224766457771,143099.0,159257.0,302356.0,0.14292365848943067,0.6606000000000001,-0.05920000000000003,1.29325
2026-07-30,科创50ETF华夏,8月,1.669,1.8,0.0784901138406231,above_spot,,20618517.56042162,-15942407.619099282,4676109.941322338,36560925.179520905,0.1054116174319782,57814.0,46789.0,104603.0,0.07047228551371205,138240.0,121502.0,259742.0,0.1227800238902542,0.6586,-0.11955000000000002,1.25175
2026-07-30,科创50ETF华夏,8月,1.669,1.85,0.10844817255841832,above_spot,,19293718.593059786,-14744568.2546052,4549150.3384545855,34038286.84766498,0.09813840469321006,57927.0,46068.0,103995.0,0.0700626686806161,87331.0,56912.0,144243.0,0.06818365526561718,0.6663000000000001,-0.17265,1.17235
2026-07-30,科创50ETF华夏,8月,1.669,1.9,0.13840623127621332,above_spot,"call_wall,max_gamma",26431963.617794126,-15329473.97445051,11102489.643343616,41761437.59224464,0.12040561504578452,86871.0,52647.0,139518.0,0.0939949363813856,101993.0,39316.0,141309.0,0.06679675368599584,0.6873,-0.21509999999999999,1.0688
2026-07-30,科创50ETF华夏,8月,1.669,2.0,0.19832234871180354,above_spot,gamma_flip,24738404.8427937,-5505356.52041538,19233048.32237832,30243761.36320908,0.08719811620927956,100395.0,22577.0,122972.0,0.0828476993412445,86917.0,11486.0,98403.0,0.04651509070875209,0.7067,-0.29079999999999995,0.88
2026-07-30,科创50ETF华夏,8月,1.669,2.55,0.5278609946075492,above_spot,call_oi_wall,7332986.964773149,-162886.18087598,7170100.783897169,7495873.1456491295,0.02161192881383641,135347.0,2237.0,137584.0,0.09269197757347838,38943.0,64.0,39007.0,0.01843860597010551,0.81525,-0.45935000000000004,0.22795
2026-07-30,科创50ETF华夏,9月,1.669,1.1,-0.340922708208508,below_spot,put_oi_wall,149980.81604102996,-5760651.570440001,-5610670.754398971,5910632.386481031,0.04019468331649626,1989.0,106600.0,108589.0,0.12294031469568624,153.0,25371.0,25524.0,0.06843317416355432,0.86195,0.42560000000000003,0.23235
2026-07-30,科创50ETF华夏,9月,1.669,1.5,-0.10125823846614745,below_spot,,1506712.1733488,-4271938.940171731,-2765226.7668229304,5778651.113520531,0.03929715744726965,5840.0,18723.0,24563.0,0.027809289613774334,711.0,15698.0,16409.0,0.04399466991262196,0.5809500000000001,0.23115000000000002,0.87265
2026-07-30,科创50ETF华夏,9月,1.669,1.55,-0.07130017974835234,below_spot,,752502.5907839999,-4654414.7108962815,-3901912.1201122818,5406917.301680282,0.036769217648623405,2688.0,19083.0,21771.0,0.024648293945425274,330.0,9821.0,10151.0,0.027216155419771192,0.58415,0.1808,0.9402999999999999
2026-07-30,科创50ETF华夏,9月,1.669,1.6,-0.04134212103055723,below_spot,"put_wall,price_wall",1409215.7555897604,-6721671.396798061,-5312455.6412083,8130887.152387822,0.05529331090187661,4744.0,26223.0,30967.0,0.03505965360378414,3185.0,19860.0,23045.0,0.06178665172383284,0.5850500000000001,0.1294,0.9933000000000001
2026-07-30,科创50ETF华夏,9月,1.669,1.65,-0.011384062312762233,below_spot,,1710427.15747008,-3523353.5445439797,-1812926.3870738996,5233780.70201406,0.035591818964517116,5652.0,13151.0,18803.0,0.0212880378051459,4470.0,16526.0,20996.0,0.056293015387007775,0.58685,0.07735,1.0241
2026-07-30,科创50ETF华夏,9月,1.669,1.7,0.018573996405032878,above_spot,,3152057.0379251195,-4469965.223763199,-1317908.185838079,7622022.261688318,0.05183282447755893,10462.0,16660.0,27122.0,0.030706491589170194,12696.0,19117.0,31813.0,0.0852948037010325,0.5975,0.026999999999999996,1.0224
2026-07-30,科创50ETF华夏,9月,1.669,1.75,0.0485320551228281,above_spot,,3066261.9819699996,-3849688.36677306,-783426.3848030604,6915950.34874306,0.04703125079071965,10007.0,14546.0,24553.0,0.02779796799605102,10031.0,14805.0,24836.0,0.06658855639892004,0.5975,-0.022699999999999998,1.02505
2026-07-30,科创50ETF华夏,9月,1.669,1.8,0.0784901138406231,above_spot,"call_wall,max_gamma",5418308.909101,-5793373.7226406615,-375064.81353966147,11211682.631741662,0.07624396229727587,18230.0,22006.0,40236.0,0.045553661071523185,9663.0,12810.0,22473.0,0.06025304509393341,0.5994,-0.06995000000000001,1.00605
2026-07-30,科创50ETF华夏,9月,1.669,1.85,0.10844817255841832,above_spot,,4802540.20403326,-3036262.49280196,1766277.7112313001,7838802.69683522,0.053307018839548276,16703.0,11684.0,28387.0,0.03213867623116932,6160.0,3902.0,10062.0,0.02697753480777635,0.5959,-0.11644999999999997,0.98255
2026-07-30,科创50ETF华夏,9月,1.669,2.55,0.5278609946075492,above_spot,call_oi_wall,2609145.9621704402,-88178.38194672,2520967.58022372,2697324.3441171604,0.01834289306532449,31773.0,801.0,32574.0,0.03687903757192058,12336.0,445.0,12781.0,0.034267528560742354,0.74105,-0.40109999999999996,0.345
2026-07-30,科创50ETF易方达,12月,1.619,1.25,-0.22791846819024086,below_spot,"put_wall,put_oi_wall",113974.00410386,-869285.39881896,-755311.3947151,983259.40292282,0.11865301082968398,1007.0,7807.0,8814.0,0.15991146268006823,90.0,4293.0,4383.0,0.20277585010409438,0.4687,0.3699,0.4283
2026-07-30,科创50ETF易方达,12月,1.619,1.45,-0.10438542310067944,below_spot,,48057.96468221,-112247.26187189,-64189.29718968001,160305.2265541,0.01934453687993013,259.0,757.0,1016.0,0.018433179723502304,19.0,86.0,105.0,0.004857737682165163,0.5297499999999999,0.21085,0.6368
2026-07-30,科创50ETF易方达,12月,1.619,1.5,-0.07350216182828906,below_spot,,136958.83385481001,-138960.43102924,-2001.597174429975,275919.26488405,0.03329604723543683,657.0,901.0,1558.0,0.028266627961827353,122.0,169.0,291.0,0.013462873004857738,0.51725,0.177,0.6918500000000001
2026-07-30,科创50ETF易方达,12月,1.619,1.55,-0.042618900555898676,below_spot,,64977.0084934,-126068.67003649999,-61091.66154309999,191045.67852989997,0.02305408409641404,317.0,775.0,1092.0,0.019812039624079247,80.0,215.0,295.0,0.01364792967846403,0.52705,0.13835,0.7013
2026-07-30,科创50ETF易方达,12月,1.619,1.6,-0.011735639283508292,below_spot,price_wall,358622.97552756994,-214883.72239796,143739.25312960995,573506.6979255299,0.06920686060827387,1651.0,1204.0,2855.0,0.05179796073877862,101.0,190.0,291.0,0.013462873004857738,0.50275,0.1003,0.7547999999999999
2026-07-30,科创50ETF易方达,12月,1.619,1.65,0.01914762198888198,above_spot,,106517.95436969999,-181490.7603366,-74972.80596690002,288008.7147063,0.03475491924461399,519.0,990.0,1509.0,0.027377626183823795,189.0,221.0,410.0,0.018968309044644922,0.5186,0.06434999999999999,0.7412000000000001
2026-07-30,科创50ETF易方达,12月,1.619,1.7,0.05003088326127236,above_spot,,120299.54709872,-120959.08362954001,-659.5365308200126,241258.63072826,0.02911343928109065,586.0,738.0,1324.0,0.024021190899524657,276.0,318.0,594.0,0.02748091603053435,0.5558000000000001,0.03514999999999999,0.70425
2026-07-30,科创50ETF易方达,12月,1.619,1.75,0.08091414453366275,above_spot,,107729.7171,-122984.0877717,-15254.370671700002,230713.8048717,0.027840961913636726,500.0,666.0,1166.0,0.021154613737798904,214.0,60.0,274.0,0.012676382142030996,0.5115000000000001,-0.009050000000000002,0.76325
2026-07-30,科创50ETF易方达,12月,1.619,1.8,0.11179740580605313,above_spot,,145884.64719650004,-143671.96792674,2212.679269760032,289556.61512324004,0.0349417092660351,709.0,893.0,1602.0,0.02906491527268769,235.0,83.0,318.0,0.014712005551700208,0.56155,-0.028799999999999992,0.6994
2026-07-30,科创50ETF易方达,12月,1.619,2.15,0.3279802347127856,above_spot,"call_wall,call_oi_wall,max_gamma",801515.3860103999,-647928.77175472,153586.6142556799,1449444.1577651198,0.17490899434787954,4948.0,4636.0,9584.0,0.1738814906201241,151.0,108.0,259.0,0.011982419616007402,0.583,-0.2066,0.5756
2026-07-30,科创50ETF易方达,3月,1.619,1.5,-0.07350216182828906,below_spot,,749.3375066799999,-8082.612059599999,-7333.274552919999,8831.94956628,0.011236718699925104,4.0,65.0,69.0,0.013458162668227034,4.0,85.0,89.0,0.037489469250210614,0.4778,0.18425000000000002,0.59455
2026-07-30,科创50ETF易方达,3月,1.619,1.55,-0.042618900555898676,below_spot,,2178.02752134,-28112.89534296,-25934.86782162,30290.922864300002,0.03853855559669281,11.0,201.0,212.0,0.04134971718353813,2.0,468.0,470.0,0.1979780960404381,0.45255,0.15114999999999998,0.6445
2026-07-30,科创50ETF易方达,3月,1.619,1.6,-0.011735639283508292,below_spot,price_wall,4121.17280547,-43712.89230412001,-39591.71949865001,47834.06510959001,0.06085835634325957,21.0,338.0,359.0,0.07002145504193485,22.0,361.0,383.0,0.16133108677337826,0.48895,0.12014999999999998,0.62105
2026-07-30,科创50ETF易方达,3月,1.619,1.65,0.01914762198888198,above_spot,,6980.2565894399995,-31066.99621318,-24086.73962374,38047.25280262,0.04840678423711281,38.0,241.0,279.0,0.05441778818022235,27.0,146.0,173.0,0.07287278854254423,0.5129999999999999,0.09205000000000002,0.5963
2026-07-30,科创50ETF易方达,3月,1.619,1.7,0.05003088326127236,above_spot,"put_wall,put_oi_wall",22247.208833939996,-48593.363028069994,-26346.15419413,70840.57186201,0.09012909013819427,122.0,371.0,493.0,0.0961575970353033,73.0,18.0,91.0,0.038331929233361414,0.51695,0.06385000000000002,0.5977
2026-07-30,科创50ETF易方达,3月,1.619,1.75,0.08091414453366275,above_spot,,29075.54293182,-25022.07471498,4053.4682168399995,54097.617646800005,0.06882735315360657,147.0,191.0,338.0,0.06592549249073533,37.0,6.0,43.0,0.018112889637742206,0.5042500000000001,0.031700000000000006,0.6272
2026-07-30,科创50ETF易方达,3月,1.619,1.8,0.11179740580605313,above_spot,,19503.19401787,-11748.043602,7755.150415869999,31251.23761987,0.03976034549605163,101.0,90.0,191.0,0.0372537546323386,46.0,12.0,58.0,0.02443133951137321,0.51185,0.005599999999999994,0.6173500000000001
2026-07-30,科创50ETF易方达,3月,1.619,2.1,0.29709697344039543,above_spot,"call_wall,call_oi_wall,max_gamma,gamma_flip",134761.4883769,-34347.693744,100413.79463290001,169109.1821209,0.21515434330852176,847.0,260.0,1107.0,0.21591574019894674,540.0,8.0,548.0,0.23083403538331929,0.52125,-0.135,0.5555
2026-07-30,科创50ETF易方达,8月,1.619,1.5,-0.07350216182828906,below_spot,,358924.48767739994,-1573367.48615795,-1214442.99848055,1932291.97383535,0.038691721151803804,1130.0,6629.0,7759.0,0.03194884232284843,1435.0,25760.0,27195.0,0.09195919236868891,0.31695,0.1894,1.05865
2026-07-30,科创50ETF易方达,8月,1.619,1.55,-0.042618900555898676,below_spot,"put_wall,put_oi_wall,price_wall",491643.14801734,-3584474.363754,-3092831.21573666,4076117.51177134,0.08161913638465469,1969.0,11118.0,13087.0,0.05388767875745809,1760.0,29704.0,31464.0,0.10639470596390614,0.34099999999999997,0.12874999999999998,1.0913
2026-07-30,科创50ETF易方达,8月,1.619,1.6,-0.011735639283508292,below_spot,,499751.70957084,-1418284.00549,-918532.2959191599,1918035.71506084,0.03840625746585967,1938.0,5500.0,7438.0,0.030627076839456965,7337.0,25069.0,32406.0,0.10958005471225345,0.0001,0.07340000000000002,0.9838
2026-07-30,科创50ETF易方达,8月,1.619,1.65,0.01914762198888198,above_spot,,1049772.6214551,-1105023.812058,-55251.190602899995,2154796.4335131,0.043147093644914335,4009.0,4220.0,8229.0,0.03388413757890446,12434.0,23578.0,36012.0,0.12177365087630905,0.0001,0.02400000000000002,0.999
2026-07-30,科创50ETF易方达,8月,1.619,1.7,0.05003088326127236,above_spot,,2467090.5980585497,-2163881.115423,303209.48263554974,4630971.713481549,0.09272939526021498,6905.0,6326.0,13231.0,0.054480620282717815,18760.0,22034.0,40794.0,0.13794386076441606,0.659,-0.06255,1.33405
2026-07-30,科创50ETF易方达,8月,1.619,1.75,0.08091414453366275,above_spot,call_wall,3230903.0731869,-1772822.24235,1458080.8308369,5003725.3155368995,0.10019331822027847,9522.0,5400.0,14922.0,0.06144356555503856,16441.0,13044.0,29485.0,0.09970276841297268,0.6658,-0.12215000000000004,1.2734999999999999
2026-07-30,科创50ETF易方达,8月,1.619,1.8,0.11179740580605313,above_spot,,3226586.25692439,-1096047.22682774,2130539.03009665,4322633.48375213,0.08655530926975685,10139.0,3593.0,13732.0,0.05654356267268393,13979.0,7453.0,21432.0,0.0724717562362839,0.67485,-0.17559999999999998,1.18895
2026-07-30,科创50ETF易方达,8月,1.619,1.85,0.1426806670784435,above_spot,max_gamma,2630877.9583663195,-2429240.22065864,201637.73770767963,5060118.179024959,0.10132251452113608,9062.0,8552.0,17614.0,0.07252827795781057,9879.0,3138.0,13017.0,0.04401665037923234,0.6799999999999999,-0.22435,1.09565
2026-07-30,科创50ETF易方达,8月,1.619,1.9,0.1735639283508339,above_spot,gamma_flip,2997933.4971586,-938942.2805849799,2058991.2165736202,3936875.77774358,0.07883099545220429,11426.0,3671.0,15097.0,0.06216415421420836,7613.0,983.0,8596.0,0.02906715269723294,0.69665,-0.26295,0.9884
2026-07-30,科创50ETF易方达,8月,1.619,2.45,0.5132798023471279,above_spot,call_oi_wall,1789823.56440498,-25669.973290960002,1764153.59111402,1815493.5376959401,0.036352979086285146,30511.0,323.0,30834.0,0.1269636040962377,8482.0,127.0,8609.0,0.029111111862549836,0.3871,-0.45185,0.2635
2026-07-30,科创50ETF易方达,9月,1.619,1.1,-0.3205682520074119,below_spot,"put_wall,put_oi_wall",83712.59551242,-1613998.44356988,-1530285.84805746,1697711.0390823,0.059087710939476575,1071.0,24319.0,25390.0,0.14362078230619113,53.0,14045.0,14098.0,0.22624129409121546,0.7646000000000001,0.4288,0.2757
2026-07-30,科创50ETF易方达,9月,1.619,1.45,-0.10438542310067944,below_spot,,194156.7345208,-439588.83021647995,-245432.09569567995,633745.5647372799,0.022057095628366493,848.0,1988.0,2836.0,0.016042085018525328,43.0,924.0,967.0,0.015518182109959238,0.60815,0.22945,0.85855
2026-07-30,科创50ETF易方达,9月,1.619,1.5,-0.07350216182828906,below_spot,,291575.11878612,-851626.66337357,-560051.54458745,1143201.7821596898,0.03978838264859256,1053.0,3629.0,4682.0,0.026484147410696608,487.0,1454.0,1941.0,0.031148698526815805,0.57765,0.1859,0.97585
2026-07-30,科创50ETF易方达,9月,1.619,1.55,-0.042618900555898676,below_spot,,363118.50254706,-474818.70190664,-111700.19935958,837937.2044537,0.029163850727481268,1261.0,1937.0,3198.0,0.018089770059677008,373.0,3004.0,3377.0,0.05419327919889592,0.58865,0.13140000000000002,1.0169000000000001
2026-07-30,科创50ETF易方达,9月,1.619,1.6,-0.011735639283508292,below_spot,,206459.36336718002,-520215.2707675,-313755.90740031993,726674.63413468,0.025291430485137104,693.0,2062.0,2755.0,0.01558390134909636,1228.0,2658.0,3886.0,0.062361588086144365,0.59185,0.07814999999999997,1.04955
2026-07-30,科创50ETF易方达,9月,1.619,1.65,0.01914762198888198,above_spot,price_wall,486471.38767146,-519611.09315699997,-33139.70548553998,1006082.48082846,0.0350160359684047,1614.0,2028.0,3642.0,0.020601295358769128,1175.0,2021.0,3196.0,0.05128863497769361,0.594,0.02560000000000001,1.0636999999999999
2026-07-30,科创50ETF易方达,9月,1.619,1.7,0.05003088326127236,above_spot,,1086615.0838156797,-986905.49029704,99709.59351863968,2073520.5741127196,0.07216751348713503,3639.0,3876.0,7515.0,0.04250926266368753,945.0,885.0,1830.0,0.02936739737458677,0.59865,-0.024999999999999994,1.0553
2026-07-30,科创50ETF易方达,9月,1.619,1.75,0.08091414453366275,above_spot,"call_wall,max_gamma",1485541.1619372999,-1475428.2509903198,10112.910946980119,2960969.4129276196,0.10305458393336009,5122.0,5896.0,11018.0,0.062324292219362504,818.0,719.0,1537.0,0.02466540424302725,0.6034,-0.07285,1.0306
2026-07-30,科创50ETF易方达,9月,1.619,1.8,0.11179740580605313,above_spot,,1275173.6737307296,-712220.1631653501,562953.5105653795,1987393.8368960796,0.06916992930722184,4639.0,2681.0,7320.0,0.041406227903951126,726.0,631.0,1357.0,0.02177680777995314,0.57915,-0.12685000000000002,1.0311
2026-07-30,科创50ETF易方达,9月,1.619,2.45,0.5132798023471279,above_spot,call_oi_wall,671727.4982077798,-41398.66925722,630328.8289505598,713126.1674649998,0.02481988505495369,7806.0,451.0,8257.0,0.04670645133919733,3765.0,237.0,4002.0,0.06422312802901435,0.6666500000000001,-0.42355000000000004,0.33925
